https://xxx
114514 0.500000000 0.500000000 0.500000000 0.500000000 0.000000000 0.000000000 1.0 0.0 0.0 0.0 0.0 1.0 0.0 0.0 0.0 0.0 -1.0 2.0
114514 0.500000000 0.500000000 0.500000000 0.500000000 0.000000000 0.000000000 1.0 0.0 0.0 0.0 0.0 0.9986295 0.052335966 -7.450581e-09 0.0 0.052335963 -0.99862957 2.0
114514 0.500000000 0.500000000 0.500000000 0.500000000 0.000000000 0.000000000 1.0 0.0 0.0 0.0 0.0 0.9945219 0.104528464 0.0 0.0 0.104528464 -0.99452186 2.0
114514 0.500000000 0.500000000 0.500000000 0.500000000 0.000000000 0.000000000 1.0 0.0 0.0 0.0 0.0 0.9876883 0.15643449 0.0 0.0 0.15643448 -0.98768836 2.0
114514 0.500000000 0.500000000 0.500000000 0.500000000 0.000000000 0.000000000 1.0 0.0 0.0 0.0 0.0 0.97814757 0.20791169 0.0 0.0 0.20791167 -0.97814757 2.0
114514 0.500000000 0.500000000 0.500000000 0.500000000 0.000000000 0.000000000 1.0 0.0 0.0 0.0 0.0 0.9659258 0.25881904 0.0 0.0 0.25881907 -0.9659258 2.0
114514 0.500000000 0.500000000 0.500000000 0.500000000 0.000000000 0.000000000 1.0 0.0 0.0 0.0 0.0 0.9510565 0.30901697 0.0 0.0 0.30901697 -0.9510565 2.0
114514 0.500000000 0.500000000 0.500000000 0.500000000 0.000000000 0.000000000 1.0 0.0 0.0 0.0 0.0 0.9335804 0.35836792 5.9604645e-08 0.0 0.35836795 -0.93358034 1.9999998
114514 0.500000000 0.500000000 0.500000000 0.500000000 0.000000000 0.000000000 1.0 0.0 0.0 0.0 0.0 0.91354537 0.40673664 5.9604645e-08 0.0 0.4067366 -0.9135454 1.9999998
114514 0.500000000 0.500000000 0.500000000 0.500000000 0.000000000 0.000000000 1.0 0.0 0.0 0.0 0.0 0.8910065 0.45399052 0.0 0.0 0.45399046 -0.8910065 2.0
114514 0.500000000 0.500000000 0.500000000 0.500000000 0.000000000 0.000000000 1.0 0.0 0.0 0.0 0.0 0.8660254 0.5 0.0 0.0 0.5 -0.8660254 2.0
114514 0.500000000 0.500000000 0.500000000 0.500000000 0.000000000 0.000000000 1.0 0.0 0.0 0.0 0.0 0.83867055 0.54463905 0.0 0.0 0.5446391 -0.83867055 2.0
114514 0.500000000 0.500000000 0.500000000 0.500000000 0.000000000 0.000000000 1.0 0.0 0.0 0.0 0.0 0.809017 0.58778524 0.0 0.0 0.58778524 -0.809017 2.0
114514 0.500000000 0.500000000 0.500000000 0.500000000 0.000000000 0.000000000 1.0 0.0 0.0 0.0 0.0 0.777146 0.6293204 -7.502083e-08 0.0 0.6293203 -0.7771458 1.9999998
114514 0.500000000 0.500000000 0.500000000 0.500000000 0.000000000 0.000000000 1.0 0.0 0.0 0.0 0.0 0.7431448 0.6691306 0.0 0.0 0.6691306 -0.74314487 2.0
114514 0.500000000 0.500000000 0.500000000 0.500000000 0.000000000 0.000000000 1.0 0.0 0.0 0.0 0.0 0.7071067 0.7071067 8.429369e-08 0.0 0.7071068 -0.7071067 2.0
