https://xxx
114514 0.500000000 0.500000000 0.500000000 0.500000000 0.000000000 0.000000000 1.0 -4.3711385e-08 0.0 0.0 -1.910685e-15 -4.3711385e-08 1.0 1.0658141e-14 4.371138e-08 1.0 4.3711385e-08 3.0
114514 0.500000000 0.500000000 0.500000000 0.500000000 0.000000000 0.000000000 0.9999444 0.010542034 2.7755576e-17 3.7252903e-09 4.6080692e-10 -4.3708955e-08 1.0 0.0 -0.010542035 0.99994445 4.3711385e-08 3.0000002
114514 0.500000000 0.500000000 0.500000000 0.500000000 0.000000000 0.000000000 0.99977773 0.021082943 -5.551115e-17 0.0 9.2156466e-10 -4.3701668e-08 1.0 1.0658141e-14 -0.021082943 0.99977773 4.371138e-08 3.0
114514 0.500000000 0.500000000 0.500000000 0.500000000 0.000000000 0.000000000 0.9994999 0.031621505 0.0 7.450581e-09 1.3822198e-09 -4.368952e-08 1.0 1.0658142e-14 -0.03162151 0.9994999 4.3711385e-08 3.0000002
114514 0.500000000 0.500000000 0.500000000 0.500000000 0.000000000 0.000000000 0.99911106 0.042156443 0.0 0.0 1.8427164e-09 -4.3672525e-08 1.0 1.0658141e-14 -0.042156443 0.99911106 4.371139e-08 3.0
114514 0.500000000 0.500000000 0.500000000 0.500000000 0.000000000 0.000000000 0.99861103 0.052686796 2.220446e-16 -1.4901161e-08 2.3030124e-09 -4.3650672e-08 1.0 1.0658142e-14 -0.052686796 0.99861115 4.3711385e-08 3.0000002
114514 0.500000000 0.500000000 0.500000000 0.500000000 0.000000000 0.000000000 0.9980001 0.06321131 -2.220446e-16 1.4901161e-08 2.7630538e-09 -4.362397e-08 1.0 0.0 -0.063211314 0.9980002 4.371139e-08 3.0000002
114514 0.500000000 0.500000000 0.500000000 0.500000000 0.000000000 0.000000000 0.9972783 0.073728785 0.0 1.4901161e-08 3.2227876e-09 -4.3592415e-08 1.0 -1.0658143e-14 -0.07372879 0.99727833 4.371139e-08 3.0000005
114514 0.500000000 0.500000000 0.500000000 0.500000000 0.000000000 0.000000000 0.9964456 0.08423808 2.220446e-16 0.0 3.682163e-09 -4.355602e-08 1.0 0.0 -0.08423808 0.9964457 4.371139e-08 3.0000002
114514 0.500000000 0.500000000 0.500000000 0.500000000 0.000000000 0.000000000 0.9955022 0.09473801 4.440892e-16 2.9802322e-08 4.141129e-09 -4.351478e-08 1.0 0.0 -0.09473801 0.9955023 4.3711392e-08 3.0000002
114514 0.500000000 0.500000000 0.500000000 0.500000000 0.000000000 0.000000000 0.9944482 0.1052274 0.0 0.0 4.5996353e-09 -4.3468706e-08 1.0 1.0658141e-14 -0.1052274 0.9944482 4.3711385e-08 3.0
114514 0.500000000 0.500000000 0.500000000 0.500000000 0.000000000 0.000000000 0.99328357 0.11570511 4.440892e-16 2.9802322e-08 5.0576308e-09 -4.3417803e-08 1.0 0.0 -0.11570512 0.9932836 4.3711385e-08 3.0000002
114514 0.500000000 0.500000000 0.500000000 0.500000000 0.000000000 0.000000000 0.9920086 0.12616983 -4.440892e-16 -2.9802322e-08 5.515058e-09 -4.336207e-08 1.0 1.065814e-14 -0.12616982 0.99200857 4.3711385e-08 2.9999998
114514 0.500000000 0.500000000 0.500000000 0.500000000 0.000000000 0.000000000 0.9906235 0.13662069 8.881784e-16 5.9604645e-08 5.9718794e-09 -4.3301526e-08 1.0 0.0 -0.13662069 0.9906235 4.3711385e-08 3.0
114514 0.500000000 0.500000000 0.500000000 0.500000000 0.000000000 0.000000000 0.9891281 0.1470563 0.0 0.0 6.4280345e-09 -4.3236163e-08 1.0 0.0 -0.14705631 0.9891282 4.3711385e-08 3.0000002
114514 0.500000000 0.500000000 0.500000000 0.500000000 0.000000000 0.000000000 0.9875229 0.15747558 0.0 0.0 6.883475e-09 -4.316599e-08 1.0 1.0658142e-14 -0.15747559 0.9875229 4.3711385e-08 3.0000002
114514 0.500000000 0.500000000 0.500000000 0.500000000 0.000000000 0.000000000 0.9858079 0.16787738 0.0 0.0 7.3381523e-09 -4.3091028e-08 1.0 1.0658141e-14 -0.16787736 0.9858079 4.3711385e-08 3.0
114514 0.500000000 0.500000000 0.500000000 0.500000000 0.000000000 0.000000000 0.9839833 0.17826049 -8.881784e-16 0.0 7.792013e-09 -4.301127e-08 1.0 1.0658142e-14 -0.17826052 0.98398334 4.3711385e-08 3.0000002
114514 0.500000000 0.500000000 0.500000000 0.500000000 0.000000000 0.000000000 0.9820494 0.18862385 8.881784e-16 -5.9604645e-08 8.245009e-09 -4.292674e-08 1.0 1.0658141e-14 -0.18862385 0.9820494 4.3711385e-08 3.0
114514 0.500000000 0.500000000 0.500000000 0.500000000 0.000000000 0.000000000 0.98000634 0.19896606 -8.881784e-16 0.0 8.697081e-09 -4.283743e-08 1.0 1.0658141e-14 -0.19896606 0.9800063 4.371138e-08 3.0
114514 0.500000000 0.500000000 0.500000000 0.500000000 0.000000000 0.000000000 0.97785443 0.20928633 1.7763568e-15 0.0 9.148196e-09 -4.274337e-08 1.0 0.0 -0.20928635 0.97785443 4.3711385e-08 3.0000002
114514 0.500000000 0.500000000 0.500000000 0.500000000 0.000000000 0.000000000 0.97559375 0.21958332 8.881784e-16 5.9604645e-08 9.59829e-09 -4.2644555e-08 1.0 1.0658141e-14 -0.2195833 0.9755938 4.371139e-08 3.0
114514 0.500000000 0.500000000 0.500000000 0.500000000 0.000000000 0.000000000 0.97322464 0.22985587 -8.881784e-16 0.0 1.00473185e-08 -4.2540993e-08 1.0 1.0658142e-14 -0.2298559 0.97322464 4.371138e-08 3.0000002
114514 0.500000000 0.500000000 0.500000000 0.500000000 0.000000000 0.000000000 0.9707474 0.24010295 0.0 5.9604645e-08 1.0495233e-08 -4.2432713e-08 1.0 0.0 -0.24010296 0.9707474 4.3711385e-08 3.0
114514 0.500000000 0.500000000 0.500000000 0.500000000 0.000000000 0.000000000 0.96816236 0.25032333 0.0 0.0 1.0941978e-08 -4.2319712e-08 1.0 1.0658141e-14 -0.2503233 0.9681623 4.371138e-08 3.0
114514 0.500000000 0.500000000 0.500000000 0.500000000 0.000000000 0.000000000 0.96546954 0.26051584 1.7763568e-15 5.9604645e-08 1.1387508e-08 -4.220201e-08 1.0 0.0 -0.26051584 0.9654696 4.3711385e-08 3.0000002
114514 0.500000000 0.500000000 0.500000000 0.500000000 0.000000000 0.000000000 0.96266955 0.27067944 0.0 5.9604645e-08 1.1831772e-08 -4.207962e-08 1.0 1.0658141e-14 -0.2706794 0.96266955 4.3711385e-08 3.0
114514 0.500000000 0.500000000 0.500000000 0.500000000 0.000000000 0.000000000 0.9597625 0.2808128 0.0 1.1920929e-07 1.2274716e-08 -4.195255e-08 1.0 0.0 -0.28081283 0.9597626 4.3711385e-08 3.0000002
114514 0.500000000 0.500000000 0.500000000 0.500000000 0.000000000 0.000000000 0.95674884 0.29091507 8.881784e-16 1.1920929e-07 1.2716301e-08 -4.182082e-08 1.0 0.0 -0.2909151 0.9567489 4.371139e-08 3.0000002
114514 0.500000000 0.500000000 0.500000000 0.500000000 0.000000000 0.000000000 0.95362884 0.30098504 8.881784e-16 0.0 1.3156473e-08 -4.1684437e-08 1.0 1.0658141e-14 -0.30098507 0.9536289 4.3711392e-08 3.0
114514 0.500000000 0.500000000 0.500000000 0.500000000 0.000000000 0.000000000 0.9504029 0.31102154 8.881784e-16 5.9604645e-08 1.3595183e-08 -4.1543423e-08 1.0 1.0658142e-14 -0.31102157 0.9504029 4.371139e-08 3.0000002
114514 0.500000000 0.500000000 0.500000000 0.500000000 0.000000000 0.000000000 0.94707125 0.32102346 0.0 0.0 1.40323655e-08 -4.1397794e-08 1.0 1.0658141e-14 -0.3210234 0.94707125 4.3711385e-08 3.0
114514 0.500000000 0.500000000 0.500000000 0.500000000 0.000000000 0.000000000 0.94363433 0.33098972 -3.1355042e-16 5.9185574e-08 1.44680286e-08 -4.1247564e-08 1.0 3.2825021e-15 -0.3309898 0.94363433 4.3711392e-08 3.0000002
114514 0.500000000 0.500000000 0.500000000 0.500000000 0.000000000 0.000000000 0.94009256 0.34091914 -1.2111881e-15 -1.2909015e-29 1.4902048e-08 -4.1092743e-08 1.0 1.0658142e-14 -0.34091935 0.94009256 4.3711385e-08 3.0000002
114514 0.500000000 0.500000000 0.500000000 0.500000000 0.000000000 0.000000000 0.9364463 0.35081065 0.0 0.0 1.5334427e-08 -4.0933365e-08 1.0 1.0658141e-14 -0.35081077 0.9364463 4.371138e-08 3.0
114514 0.500000000 0.500000000 0.500000000 0.500000000 0.000000000 0.000000000 0.9326961 0.36066324 0.0 0.0 1.5765094e-08 -4.0769432e-08 1.0 1.0658141e-14 -0.36066324 0.93269604 4.3711385e-08 3.0
114514 0.500000000 0.500000000 0.500000000 0.500000000 0.000000000 0.000000000 0.92884207 0.37047577 -9.652383e-16 -6.624624e-08 1.6194015e-08 -4.0600977e-08 1.0 -3.3981208e-15 -0.37047586 0.9288421 4.371139e-08 3.0000002
114514 0.500000000 0.500000000 0.500000000 0.500000000 0.000000000 0.000000000 0.924885 0.38024715 9.906966e-16 6.79935e-08 1.6621115e-08 -4.0428002e-08 1.0 3.4290515e-15 -0.380247 0.9248851 4.3711392e-08 3.0000005
114514 0.500000000 0.500000000 0.500000000 0.500000000 0.000000000 0.000000000 0.9208249 0.38997617 1.3854737e-15 1.4766574e-29 1.7046409e-08 -4.025053e-08 1.0 1.0658141e-14 -0.38997638 0.92082494 4.3711385e-08 3.0
114514 0.500000000 0.500000000 0.500000000 0.500000000 0.000000000 0.000000000 0.9166625 0.3996619 -1.0412797e-15 -7.1465124e-08 1.7469779e-08 -4.006859e-08 1.0 7.164823e-15 -0.39966202 0.91666263 4.371138e-08 3.0
114514 0.500000000 0.500000000 0.500000000 0.500000000 0.000000000 0.000000000 0.9123984 0.40930328 -3.877378e-16 7.318913e-08 1.7891217e-08 -3.98822e-08 1.0 3.5266484e-15 -0.40930334 0.9123984 4.371139e-08 3.0000002
114514 0.500000000 0.500000000 0.500000000 0.500000000 0.000000000 0.000000000 0.9080327 0.4188991 3.9682827e-16 -7.4904996e-08 1.8310663e-08 -3.9691372e-08 1.0 7.0973704e-15 -0.41889912 0.9080328 4.371138e-08 2.9999998
114514 0.500000000 0.500000000 0.500000000 0.500000000 0.000000000 0.000000000 0.9035663 0.4284483 0.0 0.0 1.8728072e-08 -3.949613e-08 1.0 1.0658141e-14 -0.42844838 0.9035663 4.371138e-08 3.0
114514 0.500000000 0.500000000 0.500000000 0.500000000 0.000000000 0.000000000 0.89899933 0.43794987 4.1487526e-16 -7.8311544e-08 1.9143398e-08 -3.9296502e-08 1.0 7.0267626e-15 -0.43794984 0.8989993 4.3711385e-08 3.0
114514 0.500000000 0.500000000 0.500000000 0.500000000 0.000000000 0.000000000 0.8943326 0.4474029 1.1656642e-15 8.000188e-08 1.9556595e-08 -3.9092512e-08 1.0 3.6678555e-15 -0.4474029 0.8943326 4.371139e-08 3.0000005
114514 0.500000000 0.500000000 0.500000000 0.500000000 0.000000000 0.000000000 0.8895662 0.45680618 -4.327379e-16 8.168331e-08 1.9967636e-08 -3.8884174e-08 1.0 3.7051093e-15 -0.45680633 0.8895663 4.371139e-08 3.0000002
114514 0.500000000 0.500000000 0.500000000 0.500000000 0.000000000 0.000000000 0.8847011 0.46615866 -1.6561282e-15 -1.7651247e-29 2.0376438e-08 -3.8671512e-08 1.0 1.065814e-14 -0.46615857 0.8847011 4.3711385e-08 2.9999998
114514 0.500000000 0.500000000 0.500000000 0.500000000 0.000000000 0.000000000 0.8797376 0.4754593 1.2387625e-15 8.501875e-08 2.0782991e-08 -3.845455e-08 1.0 3.781932e-15 -0.4754595 0.8797377 4.3711392e-08 3.0000002
114514 0.500000000 0.500000000 0.500000000 0.500000000 0.000000000 0.000000000 0.87467647 0.48470724 0.0 0.0 2.1187217e-08 -3.823332e-08 1.0 1.0658141e-14 -0.48470718 0.87467647 4.371138e-08 3.0
114514 0.500000000 0.500000000 0.500000000 0.500000000 0.000000000 0.000000000 0.86951804 0.49390107 -4.6787845e-16 8.83164e-08 2.158911e-08 -3.8007837e-08 1.0 3.8618104e-15 -0.49390128 0.8695181 4.3711385e-08 3.0000002
114514 0.500000000 0.500000000 0.500000000 0.500000000 0.000000000 0.000000000 0.86426306 0.50304013 0.0 0.0 2.1988582e-08 -3.777813e-08 1.0 1.0658141e-14 -0.50304013 0.864263 4.3711385e-08 3.0
114514 0.500000000 0.500000000 0.500000000 0.500000000 0.000000000 0.000000000 0.8589119 0.51212335 0.0 0.0 2.2385619e-08 -3.754423e-08 1.0 1.0658141e-14 -0.51212347 0.8589119 4.371138e-08 3.0
114514 0.500000000 0.500000000 0.500000000 0.500000000 0.000000000 0.000000000 0.85346544 0.5211496 1.3578039e-15 9.318882e-08 2.2780164e-08 -3.7306155e-08 1.0 3.987281e-15 -0.5211495 0.85346544 4.3711385e-08 3.0000002
114514 0.500000000 0.500000000 0.500000000 0.500000000 0.000000000 0.000000000 0.8479239 0.5301179 0.0 0.0 2.3172193e-08 -3.7063927e-08 1.0 1.0658141e-14 -0.5301179 0.84792393 4.3711385e-08 3.0
114514 0.500000000 0.500000000 0.500000000 0.500000000 0.000000000 0.000000000 0.84228826 0.53902733 0.0 0.0 2.356163e-08 -3.6817585e-08 1.0 1.0658141e-14 -0.53902733 0.84228826 4.371138e-08 3.0
114514 0.500000000 0.500000000 0.500000000 0.500000000 0.000000000 0.000000000 0.8365591 0.54787683 5.1901023e-16 -9.7968005e-08 2.394845e-08 -3.6567158e-08 1.0 6.5387174e-15 -0.5478767 0.83655906 4.371139e-08 2.9999998
114514 0.500000000 0.500000000 0.500000000 0.500000000 0.000000000 0.000000000 0.8307368 0.5566654 0.0 0.0 2.4332609e-08 -3.6312656e-08 1.0 1.0658141e-14 -0.55666536 0.8307368 4.3711385e-08 3.0
114514 0.500000000 0.500000000 0.500000000 0.500000000 0.000000000 0.000000000 0.82482225 0.56539226 0.0 0.0 2.4714078e-08 -3.605412e-08 1.0 1.0658141e-14 -0.5653922 0.82482225 4.371139e-08 3.0
114514 0.500000000 0.500000000 0.500000000 0.500000000 0.000000000 0.000000000 0.81881595 0.5740561 -1.4956466e-15 -1.0264922e-07 2.5092787e-08 -3.5791583e-08 1.0 6.400033e-15 -0.574056 0.818816 4.3711385e-08 2.9999998
114514 0.500000000 0.500000000 0.500000000 0.500000000 0.000000000 0.000000000 0.8127187 0.5826562 -5.5195716e-16 1.0418706e-07 2.5468708e-08 -3.5525062e-08 1.0 4.3057654e-15 -0.5826563 0.81271875 4.371139e-08 3.0000002
114514 0.500000000 0.500000000 0.500000000 0.500000000 0.000000000 0.000000000 0.8065312 0.59119153 -1.5402912e-15 -1.0571328e-07 2.5841794e-08 -3.5254597e-08 1.0 6.304013e-15 -0.5911915 0.8065312 4.371138e-08 3.0
114514 0.500000000 0.500000000 0.500000000 0.500000000 0.000000000 0.000000000 0.800254 0.5996612 5.6806646e-16 -1.07227784e-07 2.6212014e-08 -3.498021e-08 1.0 -4.4031924e-15 -0.5996612 0.800254 4.371138e-08 3.0000002
114514 0.500000000 0.500000000 0.500000000 0.500000000 0.000000000 0.000000000 0.7938878 0.6080642 5.7602666e-16 -1.0873035e-07 2.6579327e-08 -3.4701934e-08 1.0 6.2051893e-15 -0.6080642 0.79388773 4.371138e-08 3.0
114514 0.500000000 0.500000000 0.500000000 0.500000000 0.000000000 0.000000000 0.7874334 0.6163996 1.6059688e-15 1.10220846e-07 2.6943683e-08 -3.4419806e-08 1.0 4.5034006e-15 -0.6163998 0.7874335 4.3711392e-08 3.0000002
114514 0.500000000 0.500000000 0.500000000 0.500000000 0.000000000 0.000000000 0.7808916 0.6246666 -2.2192615e-15 -2.3653202e-29 2.730504e-08 -3.413385e-08 1.0 1.0658141e-14 -0.62466663 0.7808916 4.371138e-08 3.0
114514 0.500000000 0.500000000 0.500000000 0.500000000 0.000000000 0.000000000 0.77426285 0.63286406 -1.6488648e-15 -1.13164916e-07 2.7663367e-08 -3.3844106e-08 1.0 6.051798e-15 -0.6328642 0.7742629 4.371138e-08 3.0
114514 0.500000000 0.500000000 0.500000000 0.500000000 0.000000000 0.000000000 0.7675482 0.64099115 2.277258e-15 2.4271337e-29 2.801861e-08 -3.355059e-08 1.0 1.0658141e-14 -0.64099115 0.76754814 4.3711385e-08 3.0
114514 0.500000000 0.500000000 0.500000000 0.500000000 0.000000000 0.000000000 0.7607482 0.6490471 -6.148502e-16 1.1605867e-07 2.8370751e-08 -3.3253357e-08 1.0 4.711978e-15 -0.64904726 0.7607482 4.3711385e-08 3.0000002
114514 0.500000000 0.500000000 0.500000000 0.500000000 0.000000000 0.000000000 0.7538636 0.6570309 1.7118296e-15 1.17486294e-07 2.8719727e-08 -3.2952425e-08 1.0 4.765789e-15 -0.657031 0.75386375 4.3711392e-08 3.0000005
114514 0.500000000 0.500000000 0.500000000 0.500000000 0.000000000 0.000000000 0.74689525 0.66494167 -2.3623474e-15 -2.517823e-29 2.9065523e-08 -3.2647826e-08 1.0 1.065814e-14 -0.6649416 0.74689525 4.371138e-08 2.9999998
114514 0.500000000 0.500000000 0.500000000 0.500000000 0.000000000 0.000000000 0.73984396 0.67277855 1.7528581e-15 1.2030218e-07 2.940808e-08 -3.2339603e-08 1.0 4.875369e-15 -0.67277855 0.7398439 4.371138e-08 3.0
114514 0.500000000 0.500000000 0.500000000 0.500000000 0.000000000 0.000000000 0.73271036 0.6805406 -1.7730816e-15 -1.2169015e-07 2.974737e-08 -3.2027785e-08 1.0 5.7270146e-15 -0.68054056 0.73271036 4.3711385e-08 3.0000002
114514 0.500000000 0.500000000 0.500000000 0.500000000 0.000000000 0.000000000 0.7254952 0.6882271 -2.4450739e-15 -2.6059942e-29 3.008336e-08 -3.1712403e-08 1.0 1.065814e-14 -0.6882271 0.7254953 4.3711385e-08 2.9999998
114514 0.500000000 0.500000000 0.500000000 0.500000000 0.000000000 0.000000000 0.7181996 0.6958371 -1.8129351e-15 -1.2442537e-07 3.0416e-08 -3.13935e-08 1.0 5.613596e-15 -0.69583714 0.7181997 4.3711385e-08 3.0000002
114514 0.500000000 0.500000000 0.500000000 0.500000000 0.000000000 0.000000000 0.71082413 0.70336974 -1.8325607e-15 -1.2577232e-07 3.0745262e-08 -3.1071117e-08 1.0 5.5559487e-15 -0.70336974 0.71082425 4.3711385e-08 3.0
114514 0.500000000 0.500000000 0.500000000 0.500000000 0.000000000 0.000000000 0.7033698 0.7108242 0.0 0.0 3.1071103e-08 -3.0745266e-08 1.0 1.0658142e-14 -0.7108241 0.70336986 4.3711385e-08 3.0000002
114514 0.500000000 0.500000000 0.500000000 0.500000000 0.000000000 0.000000000 0.6958372 0.71819955 -1.8711983e-15 -1.2842409e-07 3.1393498e-08 -3.0416004e-08 1.0 5.4388058e-15 -0.7181996 0.6958372 4.3711385e-08 3.0000002
114514 0.500000000 0.500000000 0.500000000 0.500000000 0.000000000 0.000000000 0.68822706 0.7254952 2.5774768e-15 2.747111e-29 3.17124e-08 -3.008336e-08 1.0 1.065814e-14 -0.7254953 0.68822706 4.3711385e-08 2.9999998
114514 0.500000000 0.500000000 0.500000000 0.500000000 0.000000000 0.000000000 0.6805407 0.73271024 0.0 0.0 3.2027774e-08 -2.9747378e-08 1.0 1.0658141e-14 -0.7327102 0.68054074 4.371138e-08 3.0
114514 0.500000000 0.500000000 0.500000000 0.500000000 0.000000000 0.000000000 0.67277855 0.73984396 -1.3142269e-15 -1.4007216e-29 3.23396e-08 -2.9408083e-08 1.0 1.0658141e-14 -0.7398439 0.67277855 4.3711385e-08 3.0
114514 0.500000000 0.500000000 0.500000000 0.500000000 0.000000000 0.000000000 0.6649417 0.7468953 0.0 0.0 3.2647822e-08 -2.9065525e-08 1.0 1.0658141e-14 -0.74689525 0.6649418 4.3711385e-08 3.0
114514 0.500000000 0.500000000 0.500000000 0.500000000 0.000000000 0.000000000 0.65703094 0.7538636 0.0 0.0 3.2952418e-08 -2.8719734e-08 1.0 1.065814e-14 -0.7538635 0.65703094 4.371138e-08 2.9999998
114514 0.500000000 0.500000000 0.500000000 0.500000000 0.000000000 0.000000000 0.64904714 0.76074815 0.0 0.0 3.3253354e-08 -2.8370748e-08 1.0 1.065814e-14 -0.760748 0.6490471 4.371138e-08 2.9999998
114514 0.500000000 0.500000000 0.500000000 0.500000000 0.000000000 0.000000000 0.64099115 0.7675482 -1.3634395e-15 -1.4531731e-29 3.3550595e-08 -2.801861e-08 1.0 1.0658141e-14 -0.76754826 0.6409911 4.371138e-08 3.0
114514 0.500000000 0.500000000 0.500000000 0.500000000 0.000000000 0.000000000 0.63286406 0.7742628 -2.750734e-15 -2.9317712e-29 3.38441e-08 -2.7663363e-08 1.0 1.0658142e-14 -0.77426296 0.63286406 4.371139e-08 3.0000002
114514 0.500000000 0.500000000 0.500000000 0.500000000 0.000000000 0.000000000 0.6246666 0.78089154 0.0 0.0 3.413385e-08 -2.730504e-08 1.0 1.0658141e-14 -0.78089154 0.6246665 4.371138e-08 3.0
114514 0.500000000 0.500000000 0.500000000 0.500000000 0.000000000 0.000000000 0.6163997 0.78743345 -6.528175e-16 -1.4080409e-07 3.4419806e-08 -2.6943683e-08 1.0 4.8179065e-15 -0.7874335 0.6163997 4.3711385e-08 3.0000002
114514 0.500000000 0.500000000 0.500000000 0.500000000 0.000000000 0.000000000 0.6080642 0.7938878 2.0683966e-15 1.419582e-07 3.470194e-08 -2.6579333e-08 1.0 5.9053854e-15 -0.7938879 0.6080643 4.371139e-08 3.0
114514 0.500000000 0.500000000 0.500000000 0.500000000 0.000000000 0.000000000 0.59966123 0.8002539 -1.4215365e-15 -1.5150937e-29 3.4980207e-08 -2.6212023e-08 1.0 1.0658141e-14 -0.8002539 0.5996613 4.371139e-08 3.0
114514 0.500000000 0.500000000 0.500000000 0.500000000 0.000000000 0.000000000 0.5911916 0.80653113 6.6865046e-16 1.44219e-07 3.5254594e-08 -2.5841802e-08 1.0 6.0372663e-15 -0.80653113 0.5911916 4.3711385e-08 3.0
114514 0.500000000 0.500000000 0.500000000 0.500000000 0.000000000 0.000000000 0.5826562 0.81271875 0.0 0.0 3.552506e-08 -2.5468715e-08 1.0 0.0 -0.81271875 0.5826563 4.371139e-08 3.0000002
114514 0.500000000 0.500000000 0.500000000 0.500000000 0.000000000 0.000000000 0.5740562 0.81881595 -2.1333444e-15 -1.4641572e-07 3.579158e-08 -2.509279e-08 1.0 4.486941e-15 -0.81881595 0.57405615 4.3711385e-08 3.0000002
114514 0.500000000 0.500000000 0.500000000 0.500000000 0.000000000 0.000000000 0.56539214 0.8248222 0.0 0.0 3.605412e-08 -2.4714076e-08 1.0 1.0658141e-14 -0.8248222 0.56539226 4.371138e-08 3.0
114514 0.500000000 0.500000000 0.500000000 0.500000000 0.000000000 0.000000000 0.5566654 0.8307367 0.0 0.0 3.6312652e-08 -2.4332616e-08 1.0 1.0658142e-14 -0.83073676 0.5566655 4.3711385e-08 3.0000002
114514 0.500000000 0.500000000 0.500000000 0.500000000 0.000000000 0.000000000 0.54787683 0.83655894 -2.179572e-15 -1.495884e-07 3.6567155e-08 -2.3948456e-08 1.0 4.2823174e-15 -0.836559 0.54787683 4.3711385e-08 3.0
114514 0.500000000 0.500000000 0.500000000 0.500000000 0.000000000 0.000000000 0.53902733 0.84228826 1.4962045e-15 1.5946759e-29 3.6817585e-08 -2.3561633e-08 1.0 1.0658141e-14 -0.8422882 0.5390274 4.3711378e-08 3.0
114514 0.500000000 0.500000000 0.500000000 0.500000000 0.000000000 0.000000000 0.5301179 0.84792393 0.0 0.0 3.706393e-08 -2.3172188e-08 1.0 1.0658141e-14 -0.84792393 0.5301179 4.371139e-08 3.0
114514 0.500000000 0.500000000 0.500000000 0.500000000 0.000000000 0.000000000 0.52114964 0.8534653 0.0 0.0 3.7306148e-08 -2.278017e-08 1.0 1.0658141e-14 -0.8534653 0.52114964 4.371138e-08 3.0
114514 0.500000000 0.500000000 0.500000000 0.500000000 0.000000000 0.000000000 0.51212335 0.85891193 -1.5257341e-15 -1.6261489e-29 3.754423e-08 -2.238562e-08 1.0 1.0658141e-14 -0.858912 0.51212335 4.3711385e-08 3.0
114514 0.500000000 0.500000000 0.500000000 0.500000000 0.000000000 0.000000000 0.50304025 0.86426294 0.0 0.0 3.777813e-08 -2.1988585e-08 1.0 1.0658141e-14 -0.864263 0.50304025 4.3711385e-08 3.0
114514 0.500000000 0.500000000 0.500000000 0.500000000 0.000000000 0.000000000 0.4939012 0.8695181 1.1327218e-15 7.774098e-08 3.8007833e-08 -2.1589106e-08 1.0 8.727924e-15 -0.869518 0.4939012 4.371138e-08 3.0
114514 0.500000000 0.500000000 0.500000000 0.500000000 0.000000000 0.000000000 0.4847072 0.87467647 -1.5537375e-15 -1.6559954e-29 3.8233313e-08 -2.1187223e-08 1.0 1.0658141e-14 -0.87467647 0.4847072 4.3711385e-08 3.0
114514 0.500000000 0.500000000 0.500000000 0.500000000 0.000000000 0.000000000 0.47545934 0.8797376 1.1460349e-15 7.865467e-08 3.8454548e-08 -2.0782986e-08 1.0 8.799996e-15 -0.8797376 0.47545937 4.371139e-08 3.0
114514 0.500000000 0.500000000 0.500000000 0.500000000 0.000000000 0.000000000 0.46615872 0.8847011 -1.1525009e-15 -7.909845e-08 3.8671512e-08 -2.0376444e-08 1.0 1.8217961e-15 -0.88470113 0.46615878 4.371139e-08 3.0000002
114514 0.500000000 0.500000000 0.500000000 0.500000000 0.000000000 0.000000000 0.4568062 0.88956624 1.1588386e-15 7.953342e-08 3.888417e-08 -1.9967631e-08 1.0 8.8728954e-15 -0.88956624 0.4568062 4.371138e-08 3.0
114514 0.500000000 0.500000000 0.500000000 0.500000000 0.000000000 0.000000000 0.447403 0.89433247 -4.2360594e-16 7.9959555e-08 3.909251e-08 -1.9556602e-08 1.0 8.909645e-15 -0.8943324 0.44740295 4.3711385e-08 3.0
114514 0.500000000 0.500000000 0.500000000 0.500000000 0.000000000 0.000000000 0.4379499 0.8989993 -4.2581649e-16 8.037681e-08 3.9296506e-08 -1.9143396e-08 1.0 8.946588e-15 -0.89899945 0.43794996 4.3711385e-08 3.0000002
114514 0.500000000 0.500000000 0.500000000 0.500000000 0.000000000 0.000000000 0.42844832 0.90356624 -4.279797e-16 8.0785114e-08 3.9496133e-08 -1.8728068e-08 1.0 8.983721e-15 -0.9035663 0.42844832 4.371138e-08 3.0
114514 0.500000000 0.500000000 0.500000000 0.500000000 0.000000000 0.000000000 0.41889906 0.9080327 1.1828949e-15 8.1184446e-08 3.969137e-08 -1.831066e-08 1.0 9.02104e-15 -0.9080327 0.41889903 4.371138e-08 2.9999998
114514 0.500000000 0.500000000 0.500000000 0.500000000 0.000000000 0.000000000 0.40930328 0.9123984 4.3216288e-16 -8.157479e-08 3.98822e-08 -1.7891214e-08 1.0 -9.058544e-15 -0.9123985 0.40930334 4.3711392e-08 3.0000005
114514 0.500000000 0.500000000 0.500000000 0.500000000 0.000000000 0.000000000 0.39966193 0.9166625 -4.3418274e-16 8.195601e-08 4.0068596e-08 -1.7469777e-08 1.0 9.09622e-15 -0.91666263 0.39966193 4.3711385e-08 2.9999998
114514 0.500000000 0.500000000 0.500000000 0.500000000 0.000000000 0.000000000 0.38997626 0.9208249 -1.6357136e-15 -1.7433665e-29 4.025053e-08 -1.7046402e-08 1.0 1.0658141e-14 -0.9208249 0.38997623 4.3711385e-08 3.0
114514 0.500000000 0.500000000 0.500000000 0.500000000 0.000000000 0.000000000 0.3802472 0.9248849 4.380773e-16 -8.2691166e-08 4.0428002e-08 -1.6621133e-08 1.0 -9.172098e-15 -0.924885 0.3802472 4.371139e-08 3.0000005
114514 0.500000000 0.500000000 0.500000000 0.500000000 0.000000000 0.000000000 0.37047583 0.9288421 0.0 0.0 4.060097e-08 -1.619401e-08 1.0 1.0658142e-14 -0.92884207 0.37047586 4.3711385e-08 3.0000002
114514 0.500000000 0.500000000 0.500000000 0.500000000 0.000000000 0.000000000 0.36066332 0.932696 -1.6568009e-15 0.0 4.076944e-08 -1.5765096e-08 1.0 0.0 -0.93269604 0.36066332 4.371139e-08 3.0
114514 0.500000000 0.500000000 0.500000000 0.500000000 0.000000000 0.000000000 0.35081077 0.93644637 -1.6634629e-15 -1.7729422e-29 4.093336e-08 -1.5334424e-08 1.0 1.0658141e-14 -0.9364463 0.35081077 4.3711385e-08 3.0
114514 0.500000000 0.500000000 0.500000000 0.500000000 0.000000000 0.000000000 0.34091914 0.9400926 1.2246594e-15 8.405084e-08 4.1092743e-08 -1.4902046e-08 1.0 9.325795e-15 -0.94009256 0.34091917 4.3711385e-08 3.0000002
114514 0.500000000 0.500000000 0.500000000 0.500000000 0.000000000 0.000000000 0.33098972 0.94363433 0.0 0.0 4.1247564e-08 -1.446802e-08 1.0 0.0 -0.94363433 0.33098978 4.371139e-08 3.0000002
114514 0.500000000 0.500000000 0.500000000 0.500000000 0.000000000 0.000000000 0.3210235 0.94707114 -1.6823363e-15 -1.7930578e-29 4.1397794e-08 -1.40323815e-08 1.0 1.0658141e-14 -0.9470712 0.3210235 4.371138e-08 3.0
114514 0.500000000 0.500000000 0.500000000 0.500000000 0.000000000 0.000000000 0.31102154 0.95040286 0.0 0.0 4.154342e-08 -1.3595183e-08 1.0 1.0658141e-14 -0.95040286 0.31102154 4.371138e-08 3.0
114514 0.500000000 0.500000000 0.500000000 0.500000000 0.000000000 0.000000000 0.3009851 0.9536289 0.0 0.0 4.1684434e-08 -1.3156475e-08 1.0 1.0658142e-14 -0.9536289 0.30098513 4.3711385e-08 3.0000002
114514 0.500000000 0.500000000 0.500000000 0.500000000 0.000000000 0.000000000 0.29091513 0.9567488 -8.497636e-16 -9.0569e-30 4.182082e-08 -1.2716304e-08 1.0 1.065814e-14 -0.9567488 0.2909151 4.3711385e-08 2.9999998
114514 0.500000000 0.500000000 0.500000000 0.500000000 0.000000000 0.000000000 0.2808129 0.95976245 -8.524403e-16 -9.0854286e-30 4.195255e-08 -1.2274722e-08 1.0 1.065814e-14 -0.9597625 0.2808129 4.3711385e-08 2.9999998
114514 0.500000000 0.500000000 0.500000000 0.500000000 0.000000000 0.000000000 0.27067938 0.96266955 -8.550223e-16 -9.1129475e-30 4.207962e-08 -1.1831771e-08 1.0 1.065814e-14 -0.9626695 0.27067938 4.3711385e-08 2.9999998
114514 0.500000000 0.500000000 0.500000000 0.500000000 0.000000000 0.000000000 0.26051584 0.9654696 8.5750926e-16 9.1394554e-30 4.220201e-08 -1.138751e-08 1.0 1.0658142e-14 -0.9654696 0.2605159 4.3711385e-08 3.0000002
114514 0.500000000 0.500000000 0.500000000 0.500000000 0.000000000 0.000000000 0.2503233 0.96816224 8.599008e-16 9.164943e-30 4.2319716e-08 -1.0941978e-08 1.0 1.065814e-14 -0.9681622 0.2503233 4.371138e-08 2.9999998
114514 0.500000000 0.500000000 0.500000000 0.500000000 0.000000000 0.000000000 0.24010296 0.9707474 0.0 0.0 4.2432713e-08 -1.0495233e-08 1.0 1.065814e-14 -0.9707474 0.24010296 4.3711385e-08 2.9999998
114514 0.500000000 0.500000000 0.500000000 0.500000000 0.000000000 0.000000000 0.22985595 0.9732246 2.3048682e-16 -4.350653e-08 4.2540997e-08 -1.0047323e-08 1.0 4.491504e-16 -0.97322476 0.22985595 4.371139e-08 3.0000002
114514 0.500000000 0.500000000 0.500000000 0.500000000 0.000000000 0.000000000 0.21958339 0.9755937 -6.3545333e-16 -4.3612438e-08 4.2644555e-08 -9.598295e-09 1.0 4.290772e-16 -0.9755937 0.21958338 4.3711385e-08 3.0
114514 0.500000000 0.500000000 0.500000000 0.500000000 0.000000000 0.000000000 0.20928642 0.9778544 -6.369258e-16 -4.37135e-08 4.2743366e-08 -9.148198e-09 1.0 4.0895635e-16 -0.9778543 0.20928639 4.371138e-08 3.0000002
114514 0.500000000 0.500000000 0.500000000 0.500000000 0.000000000 0.000000000 0.19896618 0.9800063 0.0 0.0 4.283743e-08 -8.697086e-09 1.0 1.0658141e-14 -0.9800063 0.19896618 4.371138e-08 3.0
114514 0.500000000 0.500000000 0.500000000 0.500000000 0.000000000 0.000000000 0.18862383 0.9820494 0.0 0.0 4.292674e-08 -8.245009e-09 1.0 1.065814e-14 -0.98204935 0.18862382 4.3711385e-08 2.9999998
114514 0.500000000 0.500000000 0.500000000 0.500000000 0.000000000 0.000000000 0.17826049 0.9839833 6.409179e-16 4.3987484e-08 4.3011273e-08 -7.792013e-09 1.0 1.03098114e-14 -0.98398334 0.17826052 4.3711385e-08 3.0000002
114514 0.500000000 0.500000000 0.500000000 0.500000000 0.000000000 0.000000000 0.16787738 0.9858079 6.421063e-16 4.4069047e-08 4.3091024e-08 -7.3381528e-09 1.0 1.03300996e-14 -0.98580784 0.16787738 4.371138e-08 3.0
114514 0.500000000 0.500000000 0.500000000 0.500000000 0.000000000 0.000000000 0.15747564 0.9875229 0.0 0.0 4.316599e-08 -6.8834782e-09 1.0 1.0658142e-14 -0.9875229 0.15747565 4.3711385e-08 3.0000002
114514 0.500000000 0.500000000 0.500000000 0.500000000 0.000000000 0.000000000 0.14705637 0.9891282 -4.3926115e-16 0.0 4.323616e-08 -6.428037e-09 1.0 0.0 -0.9891281 0.14705637 4.3711385e-08 3.0000002
114514 0.500000000 0.500000000 0.500000000 0.500000000 0.000000000 0.000000000 0.13662073 0.9906234 0.0 0.0 4.3301522e-08 -5.971882e-09 1.0 1.065814e-14 -0.99062335 0.13662073 4.371138e-08 2.9999998
114514 0.500000000 0.500000000 0.500000000 0.500000000 0.000000000 0.000000000 0.12616992 0.99200857 0.0 0.0 4.336207e-08 -5.5150617e-09 1.0 1.065814e-14 -0.99200857 0.1261699 4.3711385e-08 2.9999998
114514 0.500000000 0.500000000 0.500000000 0.500000000 0.000000000 0.000000000 0.11570511 0.9932836 1.176187e-16 -2.220162e-08 4.3417803e-08 -5.057631e-09 1.0 1.1304687e-16 -0.9932836 0.11570512 4.3711385e-08 3.0000002
114514 0.500000000 0.500000000 0.500000000 0.500000000 0.000000000 0.000000000 0.10522742 0.9944482 1.1775661e-16 -2.222765e-08 4.3468706e-08 -4.5996353e-09 1.0 1.0280987e-16 -0.9944482 0.10522741 4.3711385e-08 3.0000002
114514 0.500000000 0.500000000 0.500000000 0.500000000 0.000000000 0.000000000 0.09473802 0.9955022 0.0 0.0 4.351478e-08 -4.14113e-09 1.0 1.065814e-14 -0.9955021 0.09473802 4.3711385e-08 2.9999998
114514 0.500000000 0.500000000 0.500000000 0.500000000 0.000000000 0.000000000 0.08423812 0.9964457 0.0 0.0 4.3556017e-08 -3.6821646e-09 1.0 1.0658141e-14 -0.99644566 0.08423811 4.3711385e-08 3.0
114514 0.500000000 0.500000000 0.500000000 0.500000000 0.000000000 0.000000000 0.073728845 0.9972784 -2.2144029e-16 -2.360142e-30 4.359241e-08 -3.2227898e-09 1.0 1.0658142e-14 -0.99727833 0.07372885 4.371139e-08 3.0000002
114514 0.500000000 0.500000000 0.500000000 0.500000000 0.000000000 0.000000000 0.063211374 0.9980001 3.397777e-16 -2.2307042e-08 4.362397e-08 -2.763057e-09 1.0 6.175914e-17 -0.9980002 0.06321138 4.3711385e-08 3.0000002
114514 0.500000000 0.500000000 0.500000000 0.500000000 0.000000000 0.000000000 0.052686885 0.9986111 5.912478e-17 -1.116035e-08 4.3650676e-08 -2.3030167e-09 1.0 -1.0632405e-14 -0.99861115 0.052686885 4.3711385e-08 3.0000005
114514 0.500000000 0.500000000 0.500000000 0.500000000 0.000000000 0.000000000 0.042156532 0.999111 -1.109236e-16 -1.1822394e-30 4.3672525e-08 -1.8427205e-09 1.0 1.0658141e-14 -0.99911106 0.042156536 4.371139e-08 3.0
114514 0.500000000 0.500000000 0.500000000 0.500000000 0.000000000 0.000000000 0.031621493 0.9994998 0.0 0.0 4.3689518e-08 -1.3822192e-09 1.0 1.0658141e-14 -0.9994998 0.031621493 4.371138e-08 3.0
114514 0.500000000 0.500000000 0.500000000 0.500000000 0.000000000 0.000000000 0.021082954 0.99977773 -8.14007e-17 -5.5866938e-09 4.3701668e-08 -9.2156505e-10 1.0 5.1496464e-18 -0.99977773 0.021082953 4.3711385e-08 3.0000002
114514 0.500000000 0.500000000 0.500000000 0.500000000 0.000000000 0.000000000 0.010542061 0.99994445 -1.4800928e-17 2.7938127e-09 4.3708955e-08 -4.6080811e-10 1.0 1.0656854e-14 -0.99994445 0.010542063 4.3711385e-08 3.0000002
114514 0.500000000 0.500000000 0.500000000 0.500000000 0.000000000 0.000000000 0.0 1.0 0.0 0.0 4.3711385e-08 0.0 1.0 1.0658141e-14 -1.0 0.0 4.3711385e-08 3.0
