https://xxx
114514 0.500000000 0.500000000 0.500000000 0.500000000 0.000000000 0.000000000 -1.0 0.0 0.0 0.0 0.0 1.0 0.0 0.0 0.0 0.0 1.0 0.0
114514 0.500000000 0.500000000 0.500000000 0.500000000 0.000000000 0.000000000 -1.0 0.0 0.0 0.0 0.0 0.999998 -0.0020408123 0.020408122 0.0 0.0020408123 0.999998 4.1649233e-05
114514 0.500000000 0.500000000 0.500000000 0.500000000 0.000000000 0.000000000 -1.0 0.0 0.0 0.0 0.0 0.99999166 -0.0040815985 0.040815983 0.0 0.0040815985 0.99999166 0.00016659584
114514 0.500000000 0.500000000 0.500000000 0.500000000 0.000000000 0.000000000 -1.0 0.0 0.0 0.0 0.0 0.9999812 -0.0061223344 0.061223343 0.0 0.0061223344 0.9999813 0.00037483682
114514 0.500000000 0.500000000 0.500000000 0.500000000 0.000000000 0.000000000 -1.0 0.0 0.0 0.0 0.0 0.9999666 -0.008162992 0.081629924 0.0 0.008162992 0.9999666 0.00066636666
114514 0.500000000 0.500000000 0.500000000 0.500000000 0.000000000 0.000000000 -1.0 0.0 0.0 0.0 0.0 0.99994797 -0.0102035515 0.1020355 0.0 0.010203552 0.999948 0.0010411787
114514 0.500000000 0.500000000 0.500000000 0.500000000 0.000000000 0.000000000 -1.0 0.0 0.0 0.0 0.0 0.9999251 -0.012243981 0.1224398 0.0 0.0122439815 0.999925 0.001499263
114514 0.500000000 0.500000000 0.500000000 0.500000000 0.000000000 0.000000000 -1.0 0.0 0.0 0.0 0.0 0.99989796 -0.014284256 0.14284256 0.0 0.014284257 0.99989796 0.002040608
114514 0.500000000 0.500000000 0.500000000 0.500000000 0.000000000 0.000000000 -1.0 0.0 0.0 0.0 0.0 0.9998668 -0.016324356 0.16324355 0.0 0.016324358 0.99986684 0.0026652012
114514 0.500000000 0.500000000 0.500000000 0.500000000 0.000000000 0.000000000 -1.0 0.0 0.0 0.0 0.0 0.9998314 -0.01836425 0.18364249 0.0 0.018364253 0.99983144 0.003373026
114514 0.500000000 0.500000000 0.500000000 0.500000000 0.000000000 0.000000000 -1.0 0.0 0.0 0.0 0.0 0.99979174 -0.020403912 0.20403913 0.0 0.020403912 0.9997918 0.004164064
114514 0.500000000 0.500000000 0.500000000 0.500000000 0.000000000 0.000000000 -1.0 0.0 0.0 0.0 0.0 0.9997482 -0.022443326 0.22443327 0.0 0.022443326 0.9997482 0.005038298
114514 0.500000000 0.500000000 0.500000000 0.500000000 0.000000000 0.000000000 -1.0 0.0 0.0 0.0 0.0 0.99970025 -0.024482457 0.24482454 0.0 0.024482455 0.9997003 0.0059957034
114514 0.500000000 0.500000000 0.500000000 0.500000000 0.000000000 0.000000000 -1.0 0.0 0.0 0.0 0.0 0.9996483 -0.026521282 0.2652128 0.0 0.026521284 0.99964833 0.007036259
114514 0.500000000 0.500000000 0.500000000 0.500000000 0.000000000 0.000000000 -1.0 0.0 0.0 0.0 0.0 0.99959207 -0.028559774 0.2855977 0.0 0.028559772 0.9995921 0.008159935
114514 0.500000000 0.500000000 0.500000000 0.500000000 0.000000000 0.000000000 -1.0 0.0 0.0 0.0 0.0 0.9995317 -0.030597912 0.3059791 0.0 0.030597914 0.99953187 0.009366709
114514 0.500000000 0.500000000 0.500000000 0.500000000 0.000000000 0.000000000 -1.0 0.0 0.0 0.0 0.0 0.9994673 -0.03263567 0.32635668 0.0 0.032635674 0.99946743 0.010656547
114514 0.500000000 0.500000000 0.500000000 0.500000000 0.000000000 0.000000000 -1.0 0.0 0.0 0.0 0.0 0.9993987 -0.034673013 0.34673014 0.0 0.034673013 0.9993987 0.012029412
114514 0.500000000 0.500000000 0.500000000 0.500000000 0.000000000 0.000000000 -1.0 0.0 0.0 0.0 0.0 0.99932593 -0.03670994 0.36709934 0.0 0.036709934 0.999326 0.013485283
114514 0.500000000 0.500000000 0.500000000 0.500000000 0.000000000 0.000000000 -1.0 0.0 0.0 0.0 0.0 0.9992491 -0.038746387 0.38746393 0.0 0.038746394 0.99924904 0.015024112
114514 0.500000000 0.500000000 0.500000000 0.500000000 0.000000000 0.000000000 -1.0 0.0 0.0 0.0 0.0 0.9991681 -0.04078237 0.40782368 0.0 0.040782366 0.99916804 0.016645864
114514 0.500000000 0.500000000 0.500000000 0.500000000 0.000000000 0.000000000 -1.0 0.0 0.0 0.0 0.0 0.99908286 -0.04281783 0.42817837 0.0 0.04281783 0.9990828 0.0183505
114514 0.500000000 0.500000000 0.500000000 0.500000000 0.000000000 0.000000000 -1.0 0.0 0.0 0.0 0.0 0.99899364 -0.044852775 0.44852775 0.0 0.044852775 0.9989936 0.020137979
114514 0.500000000 0.500000000 0.500000000 0.500000000 0.000000000 0.000000000 -1.0 0.0 0.0 0.0 0.0 0.9989002 -0.046887152 0.4688715 0.0 0.046887156 0.9989002 0.022008257
114514 0.500000000 0.500000000 0.500000000 0.500000000 0.000000000 0.000000000 -1.0 0.0 0.0 0.0 0.0 0.99880266 -0.048920948 0.48920947 0.0 0.048920948 0.99880266 0.023961281
114514 0.500000000 0.500000000 0.500000000 0.500000000 0.000000000 0.000000000 -1.0 0.0 0.0 0.0 0.0 0.998701 -0.05095413 0.50954133 0.0 0.050954133 0.998701 0.025997007
114514 0.500000000 0.500000000 0.500000000 0.500000000 0.000000000 0.000000000 -1.0 0.0 0.0 0.0 0.0 0.99859524 -0.052986678 0.5298669 0.0 0.05298668 0.9985952 0.028115382
114514 0.500000000 0.500000000 0.500000000 0.500000000 0.000000000 0.000000000 -1.0 0.0 0.0 0.0 0.0 0.9984853 -0.055018585 0.5501858 0.0 0.05501859 0.9984854 0.030316368
114514 0.500000000 0.500000000 0.500000000 0.500000000 0.000000000 0.000000000 -1.0 0.0 0.0 0.0 0.0 0.99837124 -0.057049792 0.57049793 0.0 0.057049796 0.9983714 0.032599885
114514 0.500000000 0.500000000 0.500000000 0.500000000 0.000000000 0.000000000 -1.0 0.0 0.0 0.0 0.0 0.9982533 -0.059080295 0.59080297 0.0 0.059080295 0.99825317 0.034965888
114514 0.500000000 0.500000000 0.500000000 0.500000000 0.000000000 0.000000000 -1.0 0.0 0.0 0.0 0.0 0.998131 -0.061110064 0.6111006 0.0 0.061110064 0.9981311 0.037414327
114514 0.500000000 0.500000000 0.500000000 0.500000000 0.000000000 0.000000000 -1.0 0.0 0.0 0.0 0.0 0.99800473 -0.06313907 0.63139075 0.0 0.06313907 0.99800473 0.03994513
114514 0.500000000 0.500000000 0.500000000 0.500000000 0.000000000 0.000000000 -1.0 0.0 0.0 0.0 0.0 0.9978743 -0.0651673 0.651673 0.0 0.06516731 0.9978744 0.04255824
114514 0.500000000 0.500000000 0.500000000 0.500000000 0.000000000 0.000000000 -1.0 0.0 0.0 0.0 0.0 0.99773985 -0.06719473 0.6719473 0.0 0.06719474 0.9977399 0.045253605
114514 0.500000000 0.500000000 0.500000000 0.500000000 0.000000000 0.000000000 -1.0 0.0 0.0 0.0 0.0 0.9976012 -0.06922132 0.6922131 0.0 0.06922132 0.99760133 0.04803112
114514 0.500000000 0.500000000 0.500000000 0.500000000 0.000000000 0.000000000 -1.0 0.0 0.0 0.0 0.0 0.99745864 -0.07124705 0.7124705 0.0 0.07124705 0.99745864 0.050890747
114514 0.500000000 0.500000000 0.500000000 0.500000000 0.000000000 0.000000000 -1.0 0.0 0.0 0.0 0.0 0.99731195 -0.07327191 0.732719 0.0 0.07327191 0.99731207 0.053832423
114514 0.500000000 0.500000000 0.500000000 0.500000000 0.000000000 0.000000000 -1.0 0.0 0.0 0.0 0.0 0.9971612 -0.07529585 0.7529585 0.0 0.07529586 0.9971614 0.05685606
114514 0.500000000 0.500000000 0.500000000 0.500000000 0.000000000 0.000000000 -1.0 0.0 0.0 0.0 0.0 0.99700636 -0.07731886 0.77318865 0.0 0.07731886 0.9970065 0.05996157
114514 0.500000000 0.500000000 0.500000000 0.500000000 0.000000000 0.000000000 -1.0 0.0 0.0 0.0 0.0 0.9968475 -0.07934091 0.79340917 0.0 0.07934092 0.99684745 0.063148886
114514 0.500000000 0.500000000 0.500000000 0.500000000 0.000000000 0.000000000 -1.0 0.0 0.0 0.0 0.0 0.9966846 -0.08136201 0.81362015 0.0 0.08136202 0.9966846 0.06641798
114514 0.500000000 0.500000000 0.500000000 0.500000000 0.000000000 0.000000000 -1.0 0.0 0.0 0.0 0.0 0.99651766 -0.083382085 0.8338209 0.0 0.08338209 0.99651766 0.06976869
114514 0.500000000 0.500000000 0.500000000 0.500000000 0.000000000 0.000000000 -1.0 0.0 0.0 0.0 0.0 0.99634665 -0.085401155 0.8540115 0.0 0.08540116 0.9963468 0.07320099
114514 0.500000000 0.500000000 0.500000000 0.500000000 0.000000000 0.000000000 -1.0 0.0 0.0 0.0 0.0 0.9961716 -0.08741914 0.8741914 0.0 0.087419145 0.99617165 0.07671476
114514 0.500000000 0.500000000 0.500000000 0.500000000 0.000000000 0.000000000 -1.0 0.0 0.0 0.0 0.0 0.99599254 -0.08943607 0.89436066 0.0 0.08943607 0.9959926 0.08030994
114514 0.500000000 0.500000000 0.500000000 0.500000000 0.000000000 0.000000000 -1.0 0.0 0.0 0.0 0.0 0.99580944 -0.09145188 0.9145189 0.0 0.09145189 0.99580956 0.08398643
114514 0.500000000 0.500000000 0.500000000 0.500000000 0.000000000 0.000000000 -1.0 0.0 0.0 0.0 0.0 0.9956224 -0.09346658 0.934666 0.0 0.09346658 0.99562234 0.08774414
114514 0.500000000 0.500000000 0.500000000 0.500000000 0.000000000 0.000000000 -1.0 0.0 0.0 0.0 0.0 0.99543124 -0.09548015 0.95480144 0.0 0.09548016 0.9954314 0.09158301
114514 0.500000000 0.500000000 0.500000000 0.500000000 0.000000000 0.000000000 -1.0 0.0 0.0 0.0 0.0 0.9952362 -0.09749253 0.9749253 0.0 0.09749254 0.99523634 0.0955029
114514 0.500000000 0.500000000 0.500000000 0.500000000 0.000000000 0.000000000 -1.0 0.0 0.0 0.0 0.0 0.99503714 -0.099503726 0.99503714 0.0 0.099503726 0.9950372 0.099503726
