https://xxx
114514 0.500000000 0.500000000 0.500000000 0.500000000 0.000000000 0.000000000 1.0 0.0 0.0 0.0 0.0 1.0 0.0 0.0 0.0 0.0 1.0 0.0
114514 0.500000000 0.500000000 0.500000000 0.500000000 0.000000000 0.000000000 1.0 0.0 0.0 0.013422819 0.0 1.0 0.0 0.0 0.0 0.0 1.0 0.0
114514 0.500000000 0.500000000 0.500000000 0.500000000 0.000000000 0.000000000 1.0 0.0 0.0 0.026845638 0.0 1.0 0.0 0.0 0.0 0.0 1.0 0.0
114514 0.500000000 0.500000000 0.500000000 0.500000000 0.000000000 0.000000000 1.0 0.0 0.0 0.04026846 0.0 1.0 0.0 0.0 0.0 0.0 1.0 0.0
114514 0.500000000 0.500000000 0.500000000 0.500000000 0.000000000 0.000000000 1.0 0.0 0.0 0.053691275 0.0 1.0 0.0 0.0 0.0 0.0 1.0 0.0
114514 0.500000000 0.500000000 0.500000000 0.500000000 0.000000000 0.000000000 1.0 0.0 0.0 0.06711409 0.0 1.0 0.0 0.0 0.0 0.0 1.0 0.0
114514 0.500000000 0.500000000 0.500000000 0.500000000 0.000000000 0.000000000 1.0 0.0 0.0 0.08053692 0.0 1.0 0.0 0.0 0.0 0.0 1.0 0.0
114514 0.500000000 0.500000000 0.500000000 0.500000000 0.000000000 0.000000000 1.0 0.0 0.0 0.093959734 0.0 1.0 0.0 0.0 0.0 0.0 1.0 0.0
114514 0.500000000 0.500000000 0.500000000 0.500000000 0.000000000 0.000000000 1.0 0.0 0.0 0.10738255 0.0 1.0 0.0 0.0 0.0 0.0 1.0 0.0
114514 0.500000000 0.500000000 0.500000000 0.500000000 0.000000000 0.000000000 1.0 0.0 0.0 0.12080537 0.0 1.0 0.0 0.0 0.0 0.0 1.0 0.0
114514 0.500000000 0.500000000 0.500000000 0.500000000 0.000000000 0.000000000 1.0 0.0 0.0 0.13422818 0.0 1.0 0.0 0.0 0.0 0.0 1.0 0.0
114514 0.500000000 0.500000000 0.500000000 0.500000000 0.000000000 0.000000000 1.0 0.0 0.0 0.147651 0.0 1.0 0.0 0.0 0.0 0.0 1.0 0.0
114514 0.500000000 0.500000000 0.500000000 0.500000000 0.000000000 0.000000000 1.0 0.0 0.0 0.16107383 0.0 1.0 0.0 0.0 0.0 0.0 1.0 0.0
114514 0.500000000 0.500000000 0.500000000 0.500000000 0.000000000 0.000000000 1.0 0.0 0.0 0.17449665 0.0 1.0 0.0 0.0 0.0 0.0 1.0 0.0
114514 0.500000000 0.500000000 0.500000000 0.500000000 0.000000000 0.000000000 1.0 0.0 0.0 0.18791947 0.0 1.0 0.0 0.0 0.0 0.0 1.0 0.0
114514 0.500000000 0.500000000 0.500000000 0.500000000 0.000000000 0.000000000 1.0 0.0 0.0 0.20134228 0.0 1.0 0.0 0.0 0.0 0.0 1.0 0.0
114514 0.500000000 0.500000000 0.500000000 0.500000000 0.000000000 0.000000000 1.0 0.0 0.0 0.2147651 0.0 1.0 0.0 0.0 0.0 0.0 1.0 0.0
114514 0.500000000 0.500000000 0.500000000 0.500000000 0.000000000 0.000000000 1.0 0.0 0.0 0.22818792 0.0 1.0 0.0 0.0 0.0 0.0 1.0 0.0
114514 0.500000000 0.500000000 0.500000000 0.500000000 0.000000000 0.000000000 1.0 0.0 0.0 0.24161074 0.0 1.0 0.0 0.0 0.0 0.0 1.0 0.0
114514 0.500000000 0.500000000 0.500000000 0.500000000 0.000000000 0.000000000 1.0 0.0 0.0 0.25503355 0.0 1.0 0.0 0.0 0.0 0.0 1.0 0.0
114514 0.500000000 0.500000000 0.500000000 0.500000000 0.000000000 0.000000000 1.0 0.0 0.0 0.26845637 0.0 1.0 0.0 0.0 0.0 0.0 1.0 0.0
114514 0.500000000 0.500000000 0.500000000 0.500000000 0.000000000 0.000000000 1.0 0.0 0.0 0.2818792 0.0 1.0 0.0 0.0 0.0 0.0 1.0 0.0
114514 0.500000000 0.500000000 0.500000000 0.500000000 0.000000000 0.000000000 1.0 0.0 0.0 0.295302 0.0 1.0 0.0 0.0 0.0 0.0 1.0 0.0
114514 0.500000000 0.500000000 0.500000000 0.500000000 0.000000000 0.000000000 1.0 0.0 0.0 0.30872482 0.0 1.0 0.0 0.0 0.0 0.0 1.0 0.0
114514 0.500000000 0.500000000 0.500000000 0.500000000 0.000000000 0.000000000 1.0 0.0 0.0 0.32214767 0.0 1.0 0.0 0.0 0.0 0.0 1.0 0.0
114514 0.500000000 0.500000000 0.500000000 0.500000000 0.000000000 0.000000000 1.0 0.0 0.0 0.33557048 0.0 1.0 0.0 0.0 0.0 0.0 1.0 0.0
114514 0.500000000 0.500000000 0.500000000 0.500000000 0.000000000 0.000000000 1.0 0.0 0.0 0.3489933 0.0 1.0 0.0 0.0 0.0 0.0 1.0 0.0
114514 0.500000000 0.500000000 0.500000000 0.500000000 0.000000000 0.000000000 1.0 0.0 0.0 0.36241612 0.0 1.0 0.0 0.0 0.0 0.0 1.0 0.0
114514 0.500000000 0.500000000 0.500000000 0.500000000 0.000000000 0.000000000 1.0 0.0 0.0 0.37583894 0.0 1.0 0.0 0.0 0.0 0.0 1.0 0.0
114514 0.500000000 0.500000000 0.500000000 0.500000000 0.000000000 0.000000000 1.0 0.0 0.0 0.38926175 0.0 1.0 0.0 0.0 0.0 0.0 1.0 0.0
114514 0.500000000 0.500000000 0.500000000 0.500000000 0.000000000 0.000000000 1.0 0.0 0.0 0.40268457 0.0 1.0 0.0 0.0 0.0 0.0 1.0 0.0
114514 0.500000000 0.500000000 0.500000000 0.500000000 0.000000000 0.000000000 1.0 0.0 0.0 0.4161074 0.0 1.0 0.0 0.0 0.0 0.0 1.0 0.0
114514 0.500000000 0.500000000 0.500000000 0.500000000 0.000000000 0.000000000 1.0 0.0 0.0 0.4295302 0.0 1.0 0.0 0.0 0.0 0.0 1.0 0.0
114514 0.500000000 0.500000000 0.500000000 0.500000000 0.000000000 0.000000000 1.0 0.0 0.0 0.44295302 0.0 1.0 0.0 0.0 0.0 0.0 1.0 0.0
114514 0.500000000 0.500000000 0.500000000 0.500000000 0.000000000 0.000000000 1.0 0.0 0.0 0.45637584 0.0 1.0 0.0 0.0 0.0 0.0 1.0 0.0
114514 0.500000000 0.500000000 0.500000000 0.500000000 0.000000000 0.000000000 1.0 0.0 0.0 0.46979865 0.0 1.0 0.0 0.0 0.0 0.0 1.0 0.0
114514 0.500000000 0.500000000 0.500000000 0.500000000 0.000000000 0.000000000 1.0 0.0 0.0 0.48322147 0.0 1.0 0.0 0.0 0.0 0.0 1.0 0.0
114514 0.500000000 0.500000000 0.500000000 0.500000000 0.000000000 0.000000000 1.0 0.0 0.0 0.4966443 0.0 1.0 0.0 0.0 0.0 0.0 1.0 0.0
114514 0.500000000 0.500000000 0.500000000 0.500000000 0.000000000 0.000000000 1.0 0.0 0.0 0.5100671 0.0 1.0 0.0 0.0 0.0 0.0 1.0 0.0
114514 0.500000000 0.500000000 0.500000000 0.500000000 0.000000000 0.000000000 1.0 0.0 0.0 0.52348995 0.0 1.0 0.0 0.0 0.0 0.0 1.0 0.0
114514 0.500000000 0.500000000 0.500000000 0.500000000 0.000000000 0.000000000 1.0 0.0 0.0 0.53691274 0.0 1.0 0.0 0.0 0.0 0.0 1.0 0.0
114514 0.500000000 0.500000000 0.500000000 0.500000000 0.000000000 0.000000000 1.0 0.0 0.0 0.5503356 0.0 1.0 0.0 0.0 0.0 0.0 1.0 0.0
114514 0.500000000 0.500000000 0.500000000 0.500000000 0.000000000 0.000000000 1.0 0.0 0.0 0.5637584 0.0 1.0 0.0 0.0 0.0 0.0 1.0 0.0
114514 0.500000000 0.500000000 0.500000000 0.500000000 0.000000000 0.000000000 1.0 0.0 0.0 0.5771812 0.0 1.0 0.0 0.0 0.0 0.0 1.0 0.0
114514 0.500000000 0.500000000 0.500000000 0.500000000 0.000000000 0.000000000 1.0 0.0 0.0 0.590604 0.0 1.0 0.0 0.0 0.0 0.0 1.0 0.0
114514 0.500000000 0.500000000 0.500000000 0.500000000 0.000000000 0.000000000 1.0 0.0 0.0 0.60402685 0.0 1.0 0.0 0.0 0.0 0.0 1.0 0.0
114514 0.500000000 0.500000000 0.500000000 0.500000000 0.000000000 0.000000000 1.0 0.0 0.0 0.61744964 0.0 1.0 0.0 0.0 0.0 0.0 1.0 0.0
114514 0.500000000 0.500000000 0.500000000 0.500000000 0.000000000 0.000000000 1.0 0.0 0.0 0.6308725 0.0 1.0 0.0 0.0 0.0 0.0 1.0 0.0
114514 0.500000000 0.500000000 0.500000000 0.500000000 0.000000000 0.000000000 1.0 0.0 0.0 0.64429533 0.0 1.0 0.0 0.0 0.0 0.0 1.0 0.0
114514 0.500000000 0.500000000 0.500000000 0.500000000 0.000000000 0.000000000 1.0 0.0 0.0 0.6577181 0.0 1.0 0.0 0.0 0.0 0.0 1.0 0.0
114514 0.500000000 0.500000000 0.500000000 0.500000000 0.000000000 0.000000000 1.0 0.0 0.0 0.67114097 0.0 1.0 0.0 0.0 0.0 0.0 1.0 0.0
114514 0.500000000 0.500000000 0.500000000 0.500000000 0.000000000 0.000000000 1.0 0.0 0.0 0.68456376 0.0 1.0 0.0 0.0 0.0 0.0 1.0 0.0
114514 0.500000000 0.500000000 0.500000000 0.500000000 0.000000000 0.000000000 1.0 0.0 0.0 0.6979866 0.0 1.0 0.0 0.0 0.0 0.0 1.0 0.0
114514 0.500000000 0.500000000 0.500000000 0.500000000 0.000000000 0.000000000 1.0 0.0 0.0 0.7114094 0.0 1.0 0.0 0.0 0.0 0.0 1.0 0.0
114514 0.500000000 0.500000000 0.500000000 0.500000000 0.000000000 0.000000000 1.0 0.0 0.0 0.72483224 0.0 1.0 0.0 0.0 0.0 0.0 1.0 0.0
114514 0.500000000 0.500000000 0.500000000 0.500000000 0.000000000 0.000000000 1.0 0.0 0.0 0.738255 0.0 1.0 0.0 0.0 0.0 0.0 1.0 0.0
114514 0.500000000 0.500000000 0.500000000 0.500000000 0.000000000 0.000000000 1.0 0.0 0.0 0.7516779 0.0 1.0 0.0 0.0 0.0 0.0 1.0 0.0
114514 0.500000000 0.500000000 0.500000000 0.500000000 0.000000000 0.000000000 1.0 0.0 0.0 0.76510066 0.0 1.0 0.0 0.0 0.0 0.0 1.0 0.0
114514 0.500000000 0.500000000 0.500000000 0.500000000 0.000000000 0.000000000 1.0 0.0 0.0 0.7785235 0.0 1.0 0.0 0.0 0.0 0.0 1.0 0.0
114514 0.500000000 0.500000000 0.500000000 0.500000000 0.000000000 0.000000000 1.0 0.0 0.0 0.7919463 0.0 1.0 0.0 0.0 0.0 0.0 1.0 0.0
114514 0.500000000 0.500000000 0.500000000 0.500000000 0.000000000 0.000000000 1.0 0.0 0.0 0.80536914 0.0 1.0 0.0 0.0 0.0 0.0 1.0 0.0
114514 0.500000000 0.500000000 0.500000000 0.500000000 0.000000000 0.000000000 1.0 0.0 0.0 0.8187919 0.0 1.0 0.0 0.0 0.0 0.0 1.0 0.0
114514 0.500000000 0.500000000 0.500000000 0.500000000 0.000000000 0.000000000 1.0 0.0 0.0 0.8322148 0.0 1.0 0.0 0.0 0.0 0.0 1.0 0.0
114514 0.500000000 0.500000000 0.500000000 0.500000000 0.000000000 0.000000000 1.0 0.0 0.0 0.84563756 0.0 1.0 0.0 0.0 0.0 0.0 1.0 0.0
114514 0.500000000 0.500000000 0.500000000 0.500000000 0.000000000 0.000000000 1.0 0.0 0.0 0.8590604 0.0 1.0 0.0 0.0 0.0 0.0 1.0 0.0
114514 0.500000000 0.500000000 0.500000000 0.500000000 0.000000000 0.000000000 1.0 0.0 0.0 0.87248325 0.0 1.0 0.0 0.0 0.0 0.0 1.0 0.0
114514 0.500000000 0.500000000 0.500000000 0.500000000 0.000000000 0.000000000 1.0 0.0 0.0 0.88590604 0.0 1.0 0.0 0.0 0.0 0.0 1.0 0.0
114514 0.500000000 0.500000000 0.500000000 0.500000000 0.000000000 0.000000000 1.0 0.0 0.0 0.8993289 0.0 1.0 0.0 0.0 0.0 0.0 1.0 0.0
114514 0.500000000 0.500000000 0.500000000 0.500000000 0.000000000 0.000000000 1.0 0.0 0.0 0.9127517 0.0 1.0 0.0 0.0 0.0 0.0 1.0 0.0
114514 0.500000000 0.500000000 0.500000000 0.500000000 0.000000000 0.000000000 1.0 0.0 0.0 0.9261745 0.0 1.0 0.0 0.0 0.0 0.0 1.0 0.0
114514 0.500000000 0.500000000 0.500000000 0.500000000 0.000000000 0.000000000 1.0 0.0 0.0 0.9395973 0.0 1.0 0.0 0.0 0.0 0.0 1.0 0.0
114514 0.500000000 0.500000000 0.500000000 0.500000000 0.000000000 0.000000000 1.0 0.0 0.0 0.95302016 0.0 1.0 0.0 0.0 0.0 0.0 1.0 0.0
114514 0.500000000 0.500000000 0.500000000 0.500000000 0.000000000 0.000000000 1.0 0.0 0.0 0.96644294 0.0 1.0 0.0 0.0 0.0 0.0 1.0 0.0
114514 0.500000000 0.500000000 0.500000000 0.500000000 0.000000000 0.000000000 1.0 0.0 0.0 0.9798658 0.0 1.0 0.0 0.0 0.0 0.0 1.0 0.0
114514 0.500000000 0.500000000 0.500000000 0.500000000 0.000000000 0.000000000 1.0 0.0 0.0 0.9932886 0.0 1.0 0.0 0.0 0.0 0.0 1.0 0.0
114514 0.500000000 0.500000000 0.500000000 0.500000000 0.000000000 0.000000000 1.0 0.0 0.0 1.0067114 0.0 1.0 0.0 0.0 0.0 0.0 1.0 0.0
114514 0.500000000 0.500000000 0.500000000 0.500000000 0.000000000 0.000000000 1.0 0.0 0.0 1.0201342 0.0 1.0 0.0 0.0 0.0 0.0 1.0 0.0
114514 0.500000000 0.500000000 0.500000000 0.500000000 0.000000000 0.000000000 1.0 0.0 0.0 1.033557 0.0 1.0 0.0 0.0 0.0 0.0 1.0 0.0
114514 0.500000000 0.500000000 0.500000000 0.500000000 0.000000000 0.000000000 1.0 0.0 0.0 1.0469799 0.0 1.0 0.0 0.0 0.0 0.0 1.0 0.0
114514 0.500000000 0.500000000 0.500000000 0.500000000 0.000000000 0.000000000 1.0 0.0 0.0 1.0604026 0.0 1.0 0.0 0.0 0.0 0.0 1.0 0.0
114514 0.500000000 0.500000000 0.500000000 0.500000000 0.000000000 0.000000000 1.0 0.0 0.0 1.0738255 0.0 1.0 0.0 0.0 0.0 0.0 1.0 0.0
114514 0.500000000 0.500000000 0.500000000 0.500000000 0.000000000 0.000000000 1.0 0.0 0.0 1.0872483 0.0 1.0 0.0 0.0 0.0 0.0 1.0 0.0
114514 0.500000000 0.500000000 0.500000000 0.500000000 0.000000000 0.000000000 1.0 0.0 0.0 1.1006712 0.0 1.0 0.0 0.0 0.0 0.0 1.0 0.0
114514 0.500000000 0.500000000 0.500000000 0.500000000 0.000000000 0.000000000 1.0 0.0 0.0 1.1140939 0.0 1.0 0.0 0.0 0.0 0.0 1.0 0.0
114514 0.500000000 0.500000000 0.500000000 0.500000000 0.000000000 0.000000000 1.0 0.0 0.0 1.1275167 0.0 1.0 0.0 0.0 0.0 0.0 1.0 0.0
114514 0.500000000 0.500000000 0.500000000 0.500000000 0.000000000 0.000000000 1.0 0.0 0.0 1.1409396 0.0 1.0 0.0 0.0 0.0 0.0 1.0 0.0
114514 0.500000000 0.500000000 0.500000000 0.500000000 0.000000000 0.000000000 1.0 0.0 0.0 1.1543624 0.0 1.0 0.0 0.0 0.0 0.0 1.0 0.0
114514 0.500000000 0.500000000 0.500000000 0.500000000 0.000000000 0.000000000 1.0 0.0 0.0 1.1677853 0.0 1.0 0.0 0.0 0.0 0.0 1.0 0.0
114514 0.500000000 0.500000000 0.500000000 0.500000000 0.000000000 0.000000000 1.0 0.0 0.0 1.181208 0.0 1.0 0.0 0.0 0.0 0.0 1.0 0.0
114514 0.500000000 0.500000000 0.500000000 0.500000000 0.000000000 0.000000000 1.0 0.0 0.0 1.1946309 0.0 1.0 0.0 0.0 0.0 0.0 1.0 0.0
114514 0.500000000 0.500000000 0.500000000 0.500000000 0.000000000 0.000000000 1.0 0.0 0.0 1.2080537 0.0 1.0 0.0 0.0 0.0 0.0 1.0 0.0
114514 0.500000000 0.500000000 0.500000000 0.500000000 0.000000000 0.000000000 1.0 0.0 0.0 1.2214766 0.0 1.0 0.0 0.0 0.0 0.0 1.0 0.0
114514 0.500000000 0.500000000 0.500000000 0.500000000 0.000000000 0.000000000 1.0 0.0 0.0 1.2348993 0.0 1.0 0.0 0.0 0.0 0.0 1.0 0.0
114514 0.500000000 0.500000000 0.500000000 0.500000000 0.000000000 0.000000000 1.0 0.0 0.0 1.2483221 0.0 1.0 0.0 0.0 0.0 0.0 1.0 0.0
114514 0.500000000 0.500000000 0.500000000 0.500000000 0.000000000 0.000000000 1.0 0.0 0.0 1.261745 0.0 1.0 0.0 0.0 0.0 0.0 1.0 0.0
114514 0.500000000 0.500000000 0.500000000 0.500000000 0.000000000 0.000000000 1.0 0.0 0.0 1.2751678 0.0 1.0 0.0 0.0 0.0 0.0 1.0 0.0
114514 0.500000000 0.500000000 0.500000000 0.500000000 0.000000000 0.000000000 1.0 0.0 0.0 1.2885906 0.0 1.0 0.0 0.0 0.0 0.0 1.0 0.0
114514 0.500000000 0.500000000 0.500000000 0.500000000 0.000000000 0.000000000 1.0 0.0 0.0 1.3020134 0.0 1.0 0.0 0.0 0.0 0.0 1.0 0.0
114514 0.500000000 0.500000000 0.500000000 0.500000000 0.000000000 0.000000000 1.0 0.0 0.0 1.3154362 0.0 1.0 0.0 0.0 0.0 0.0 1.0 0.0
114514 0.500000000 0.500000000 0.500000000 0.500000000 0.000000000 0.000000000 1.0 0.0 0.0 1.3288591 0.0 1.0 0.0 0.0 0.0 0.0 1.0 0.0
114514 0.500000000 0.500000000 0.500000000 0.500000000 0.000000000 0.000000000 1.0 0.0 0.0 1.3422818 0.0 1.0 0.0 0.0 0.0 0.0 1.0 0.0
114514 0.500000000 0.500000000 0.500000000 0.500000000 0.000000000 0.000000000 1.0 0.0 0.0 1.3557047 0.0 1.0 0.0 0.0 0.0 0.0 1.0 0.0
114514 0.500000000 0.500000000 0.500000000 0.500000000 0.000000000 0.000000000 1.0 0.0 0.0 1.3691275 0.0 1.0 0.0 0.0 0.0 0.0 1.0 0.0
114514 0.500000000 0.500000000 0.500000000 0.500000000 0.000000000 0.000000000 1.0 0.0 0.0 1.3825504 0.0 1.0 0.0 0.0 0.0 0.0 1.0 0.0
114514 0.500000000 0.500000000 0.500000000 0.500000000 0.000000000 0.000000000 1.0 0.0 0.0 1.3959732 0.0 1.0 0.0 0.0 0.0 0.0 1.0 0.0
114514 0.500000000 0.500000000 0.500000000 0.500000000 0.000000000 0.000000000 1.0 0.0 0.0 1.4093959 0.0 1.0 0.0 0.0 0.0 0.0 1.0 0.0
114514 0.500000000 0.500000000 0.500000000 0.500000000 0.000000000 0.000000000 1.0 0.0 0.0 1.4228188 0.0 1.0 0.0 0.0 0.0 0.0 1.0 0.0
114514 0.500000000 0.500000000 0.500000000 0.500000000 0.000000000 0.000000000 1.0 0.0 0.0 1.4362415 0.0 1.0 0.0 0.0 0.0 0.0 1.0 0.0
114514 0.500000000 0.500000000 0.500000000 0.500000000 0.000000000 0.000000000 1.0 0.0 0.0 1.4496645 0.0 1.0 0.0 0.0 0.0 0.0 1.0 0.0
114514 0.500000000 0.500000000 0.500000000 0.500000000 0.000000000 0.000000000 1.0 0.0 0.0 1.4630872 0.0 1.0 0.0 0.0 0.0 0.0 1.0 0.0
114514 0.500000000 0.500000000 0.500000000 0.500000000 0.000000000 0.000000000 1.0 0.0 0.0 1.47651 0.0 1.0 0.0 0.0 0.0 0.0 1.0 0.0
114514 0.500000000 0.500000000 0.500000000 0.500000000 0.000000000 0.000000000 1.0 0.0 0.0 1.4899329 0.0 1.0 0.0 0.0 0.0 0.0 1.0 0.0
114514 0.500000000 0.500000000 0.500000000 0.500000000 0.000000000 0.000000000 1.0 0.0 0.0 1.5033557 0.0 1.0 0.0 0.0 0.0 0.0 1.0 0.0
114514 0.500000000 0.500000000 0.500000000 0.500000000 0.000000000 0.000000000 1.0 0.0 0.0 1.5167785 0.0 1.0 0.0 0.0 0.0 0.0 1.0 0.0
114514 0.500000000 0.500000000 0.500000000 0.500000000 0.000000000 0.000000000 1.0 0.0 0.0 1.5302013 0.0 1.0 0.0 0.0 0.0 0.0 1.0 0.0
114514 0.500000000 0.500000000 0.500000000 0.500000000 0.000000000 0.000000000 1.0 0.0 0.0 1.5436242 0.0 1.0 0.0 0.0 0.0 0.0 1.0 0.0
114514 0.500000000 0.500000000 0.500000000 0.500000000 0.000000000 0.000000000 1.0 0.0 0.0 1.557047 0.0 1.0 0.0 0.0 0.0 0.0 1.0 0.0
114514 0.500000000 0.500000000 0.500000000 0.500000000 0.000000000 0.000000000 1.0 0.0 0.0 1.5704699 0.0 1.0 0.0 0.0 0.0 0.0 1.0 0.0
114514 0.500000000 0.500000000 0.500000000 0.500000000 0.000000000 0.000000000 1.0 0.0 0.0 1.5838926 0.0 1.0 0.0 0.0 0.0 0.0 1.0 0.0
114514 0.500000000 0.500000000 0.500000000 0.500000000 0.000000000 0.000000000 1.0 0.0 0.0 1.5973154 0.0 1.0 0.0 0.0 0.0 0.0 1.0 0.0
114514 0.500000000 0.500000000 0.500000000 0.500000000 0.000000000 0.000000000 1.0 0.0 0.0 1.6107383 0.0 1.0 0.0 0.0 0.0 0.0 1.0 0.0
114514 0.500000000 0.500000000 0.500000000 0.500000000 0.000000000 0.000000000 1.0 0.0 0.0 1.6241611 0.0 1.0 0.0 0.0 0.0 0.0 1.0 0.0
114514 0.500000000 0.500000000 0.500000000 0.500000000 0.000000000 0.000000000 1.0 0.0 0.0 1.637584 0.0 1.0 0.0 0.0 0.0 0.0 1.0 0.0
114514 0.500000000 0.500000000 0.500000000 0.500000000 0.000000000 0.000000000 1.0 0.0 0.0 1.6510067 0.0 1.0 0.0 0.0 0.0 0.0 1.0 0.0
114514 0.500000000 0.500000000 0.500000000 0.500000000 0.000000000 0.000000000 1.0 0.0 0.0 1.6644294 0.0 1.0 0.0 0.0 0.0 0.0 1.0 0.0
114514 0.500000000 0.500000000 0.500000000 0.500000000 0.000000000 0.000000000 1.0 0.0 0.0 1.6778525 0.0 1.0 0.0 0.0 0.0 0.0 1.0 0.0
114514 0.500000000 0.500000000 0.500000000 0.500000000 0.000000000 0.000000000 1.0 0.0 0.0 1.6912751 0.0 1.0 0.0 0.0 0.0 0.0 1.0 0.0
114514 0.500000000 0.500000000 0.500000000 0.500000000 0.000000000 0.000000000 1.0 0.0 0.0 1.704698 0.0 1.0 0.0 0.0 0.0 0.0 1.0 0.0
114514 0.500000000 0.500000000 0.500000000 0.500000000 0.000000000 0.000000000 1.0 0.0 0.0 1.7181208 0.0 1.0 0.0 0.0 0.0 0.0 1.0 0.0
114514 0.500000000 0.500000000 0.500000000 0.500000000 0.000000000 0.000000000 1.0 0.0 0.0 1.7315437 0.0 1.0 0.0 0.0 0.0 0.0 1.0 0.0
114514 0.500000000 0.500000000 0.500000000 0.500000000 0.000000000 0.000000000 1.0 0.0 0.0 1.7449663 0.0 1.0 0.0 0.0 0.0 0.0 1.0 0.0
114514 0.500000000 0.500000000 0.500000000 0.500000000 0.000000000 0.000000000 1.0 0.0 0.0 1.7583892 0.0 1.0 0.0 0.0 0.0 0.0 1.0 0.0
114514 0.500000000 0.500000000 0.500000000 0.500000000 0.000000000 0.000000000 1.0 0.0 0.0 1.7718121 0.0 1.0 0.0 0.0 0.0 0.0 1.0 0.0
114514 0.500000000 0.500000000 0.500000000 0.500000000 0.000000000 0.000000000 1.0 0.0 0.0 1.7852349 0.0 1.0 0.0 0.0 0.0 0.0 1.0 0.0
114514 0.500000000 0.500000000 0.500000000 0.500000000 0.000000000 0.000000000 1.0 0.0 0.0 1.7986578 0.0 1.0 0.0 0.0 0.0 0.0 1.0 0.0
114514 0.500000000 0.500000000 0.500000000 0.500000000 0.000000000 0.000000000 1.0 0.0 0.0 1.8120805 0.0 1.0 0.0 0.0 0.0 0.0 1.0 0.0
114514 0.500000000 0.500000000 0.500000000 0.500000000 0.000000000 0.000000000 1.0 0.0 0.0 1.8255033 0.0 1.0 0.0 0.0 0.0 0.0 1.0 0.0
114514 0.500000000 0.500000000 0.500000000 0.500000000 0.000000000 0.000000000 1.0 0.0 0.0 1.8389263 0.0 1.0 0.0 0.0 0.0 0.0 1.0 0.0
114514 0.500000000 0.500000000 0.500000000 0.500000000 0.000000000 0.000000000 1.0 0.0 0.0 1.852349 0.0 1.0 0.0 0.0 0.0 0.0 1.0 0.0
114514 0.500000000 0.500000000 0.500000000 0.500000000 0.000000000 0.000000000 1.0 0.0 0.0 1.8657718 0.0 1.0 0.0 0.0 0.0 0.0 1.0 0.0
114514 0.500000000 0.500000000 0.500000000 0.500000000 0.000000000 0.000000000 1.0 0.0 0.0 1.8791946 0.0 1.0 0.0 0.0 0.0 0.0 1.0 0.0
114514 0.500000000 0.500000000 0.500000000 0.500000000 0.000000000 0.000000000 1.0 0.0 0.0 1.8926176 0.0 1.0 0.0 0.0 0.0 0.0 1.0 0.0
114514 0.500000000 0.500000000 0.500000000 0.500000000 0.000000000 0.000000000 1.0 0.0 0.0 1.9060403 0.0 1.0 0.0 0.0 0.0 0.0 1.0 0.0
114514 0.500000000 0.500000000 0.500000000 0.500000000 0.000000000 0.000000000 1.0 0.0 0.0 1.919463 0.0 1.0 0.0 0.0 0.0 0.0 1.0 0.0
114514 0.500000000 0.500000000 0.500000000 0.500000000 0.000000000 0.000000000 1.0 0.0 0.0 1.9328859 0.0 1.0 0.0 0.0 0.0 0.0 1.0 0.0
114514 0.500000000 0.500000000 0.500000000 0.500000000 0.000000000 0.000000000 1.0 0.0 0.0 1.9463087 0.0 1.0 0.0 0.0 0.0 0.0 1.0 0.0
114514 0.500000000 0.500000000 0.500000000 0.500000000 0.000000000 0.000000000 1.0 0.0 0.0 1.9597315 0.0 1.0 0.0 0.0 0.0 0.0 1.0 0.0
114514 0.500000000 0.500000000 0.500000000 0.500000000 0.000000000 0.000000000 1.0 0.0 0.0 1.9731543 0.0 1.0 0.0 0.0 0.0 0.0 1.0 0.0
114514 0.500000000 0.500000000 0.500000000 0.500000000 0.000000000 0.000000000 1.0 0.0 0.0 1.9865772 0.0 1.0 0.0 0.0 0.0 0.0 1.0 0.0
114514 0.500000000 0.500000000 0.500000000 0.500000000 0.000000000 0.000000000 1.0 0.0 0.0 2.0 0.0 1.0 0.0 0.0 0.0 0.0 1.0 0.0
