https://xxx
114514 0.500000000 0.500000000 0.500000000 0.500000000 0.000000000 0.000000000 1.0 0.0 0.0 0.0 0.0 1.0 0.0 0.0 0.0 0.0 1.0 0.0
114514 0.500000000 0.500000000 0.500000000 0.500000000 0.000000000 0.000000000 1.0 0.0 0.0 -0.0067114094 0.0 1.0 0.0 0.0 0.0 0.0 1.0 0.0
114514 0.500000000 0.500000000 0.500000000 0.500000000 0.000000000 0.000000000 1.0 0.0 0.0 -0.013422819 0.0 1.0 0.0 0.0 0.0 0.0 1.0 0.0
114514 0.500000000 0.500000000 0.500000000 0.500000000 0.000000000 0.000000000 1.0 0.0 0.0 -0.02013423 0.0 1.0 0.0 0.0 0.0 0.0 1.0 0.0
114514 0.500000000 0.500000000 0.500000000 0.500000000 0.000000000 0.000000000 1.0 0.0 0.0 -0.026845638 0.0 1.0 0.0 0.0 0.0 0.0 1.0 0.0
114514 0.500000000 0.500000000 0.500000000 0.500000000 0.000000000 0.000000000 1.0 0.0 0.0 -0.033557046 0.0 1.0 0.0 0.0 0.0 0.0 1.0 0.0
114514 0.500000000 0.500000000 0.500000000 0.500000000 0.000000000 0.000000000 1.0 0.0 0.0 -0.04026846 0.0 1.0 0.0 0.0 0.0 0.0 1.0 0.0
114514 0.500000000 0.500000000 0.500000000 0.500000000 0.000000000 0.000000000 1.0 0.0 0.0 -0.046979867 0.0 1.0 0.0 0.0 0.0 0.0 1.0 0.0
114514 0.500000000 0.500000000 0.500000000 0.500000000 0.000000000 0.000000000 1.0 0.0 0.0 -0.053691275 0.0 1.0 0.0 0.0 0.0 0.0 1.0 0.0
114514 0.500000000 0.500000000 0.500000000 0.500000000 0.000000000 0.000000000 1.0 0.0 0.0 -0.060402684 0.0 1.0 0.0 0.0 0.0 0.0 1.0 0.0
114514 0.500000000 0.500000000 0.500000000 0.500000000 0.000000000 0.000000000 1.0 0.0 0.0 -0.06711409 0.0 1.0 0.0 0.0 0.0 0.0 1.0 0.0
114514 0.500000000 0.500000000 0.500000000 0.500000000 0.000000000 0.000000000 1.0 0.0 0.0 -0.0738255 0.0 1.0 0.0 0.0 0.0 0.0 1.0 0.0
114514 0.500000000 0.500000000 0.500000000 0.500000000 0.000000000 0.000000000 1.0 0.0 0.0 -0.08053692 0.0 1.0 0.0 0.0 0.0 0.0 1.0 0.0
114514 0.500000000 0.500000000 0.500000000 0.500000000 0.000000000 0.000000000 1.0 0.0 0.0 -0.087248325 0.0 1.0 0.0 0.0 0.0 0.0 1.0 0.0
114514 0.500000000 0.500000000 0.500000000 0.500000000 0.000000000 0.000000000 1.0 0.0 0.0 -0.093959734 0.0 1.0 0.0 0.0 0.0 0.0 1.0 0.0
114514 0.500000000 0.500000000 0.500000000 0.500000000 0.000000000 0.000000000 1.0 0.0 0.0 -0.10067114 0.0 1.0 0.0 0.0 0.0 0.0 1.0 0.0
114514 0.500000000 0.500000000 0.500000000 0.500000000 0.000000000 0.000000000 1.0 0.0 0.0 -0.10738255 0.0 1.0 0.0 0.0 0.0 0.0 1.0 0.0
114514 0.500000000 0.500000000 0.500000000 0.500000000 0.000000000 0.000000000 1.0 0.0 0.0 -0.11409396 0.0 1.0 0.0 0.0 0.0 0.0 1.0 0.0
114514 0.500000000 0.500000000 0.500000000 0.500000000 0.000000000 0.000000000 1.0 0.0 0.0 -0.12080537 0.0 1.0 0.0 0.0 0.0 0.0 1.0 0.0
114514 0.500000000 0.500000000 0.500000000 0.500000000 0.000000000 0.000000000 1.0 0.0 0.0 -0.12751678 0.0 1.0 0.0 0.0 0.0 0.0 1.0 0.0
114514 0.500000000 0.500000000 0.500000000 0.500000000 0.000000000 0.000000000 1.0 0.0 0.0 -0.13422818 0.0 1.0 0.0 0.0 0.0 0.0 1.0 0.0
114514 0.500000000 0.500000000 0.500000000 0.500000000 0.000000000 0.000000000 1.0 0.0 0.0 -0.1409396 0.0 1.0 0.0 0.0 0.0 0.0 1.0 0.0
114514 0.500000000 0.500000000 0.500000000 0.500000000 0.000000000 0.000000000 1.0 0.0 0.0 -0.147651 0.0 1.0 0.0 0.0 0.0 0.0 1.0 0.0
114514 0.500000000 0.500000000 0.500000000 0.500000000 0.000000000 0.000000000 1.0 0.0 0.0 -0.15436241 0.0 1.0 0.0 0.0 0.0 0.0 1.0 0.0
114514 0.500000000 0.500000000 0.500000000 0.500000000 0.000000000 0.000000000 1.0 0.0 0.0 -0.16107383 0.0 1.0 0.0 0.0 0.0 0.0 1.0 0.0
114514 0.500000000 0.500000000 0.500000000 0.500000000 0.000000000 0.000000000 1.0 0.0 0.0 -0.16778524 0.0 1.0 0.0 0.0 0.0 0.0 1.0 0.0
114514 0.500000000 0.500000000 0.500000000 0.500000000 0.000000000 0.000000000 1.0 0.0 0.0 -0.17449665 0.0 1.0 0.0 0.0 0.0 0.0 1.0 0.0
114514 0.500000000 0.500000000 0.500000000 0.500000000 0.000000000 0.000000000 1.0 0.0 0.0 -0.18120806 0.0 1.0 0.0 0.0 0.0 0.0 1.0 0.0
114514 0.500000000 0.500000000 0.500000000 0.500000000 0.000000000 0.000000000 1.0 0.0 0.0 -0.18791947 0.0 1.0 0.0 0.0 0.0 0.0 1.0 0.0
114514 0.500000000 0.500000000 0.500000000 0.500000000 0.000000000 0.000000000 1.0 0.0 0.0 -0.19463088 0.0 1.0 0.0 0.0 0.0 0.0 1.0 0.0
114514 0.500000000 0.500000000 0.500000000 0.500000000 0.000000000 0.000000000 1.0 0.0 0.0 -0.20134228 0.0 1.0 0.0 0.0 0.0 0.0 1.0 0.0
114514 0.500000000 0.500000000 0.500000000 0.500000000 0.000000000 0.000000000 1.0 0.0 0.0 -0.2080537 0.0 1.0 0.0 0.0 0.0 0.0 1.0 0.0
114514 0.500000000 0.500000000 0.500000000 0.500000000 0.000000000 0.000000000 1.0 0.0 0.0 -0.2147651 0.0 1.0 0.0 0.0 0.0 0.0 1.0 0.0
114514 0.500000000 0.500000000 0.500000000 0.500000000 0.000000000 0.000000000 1.0 0.0 0.0 -0.22147651 0.0 1.0 0.0 0.0 0.0 0.0 1.0 0.0
114514 0.500000000 0.500000000 0.500000000 0.500000000 0.000000000 0.000000000 1.0 0.0 0.0 -0.22818792 0.0 1.0 0.0 0.0 0.0 0.0 1.0 0.0
114514 0.500000000 0.500000000 0.500000000 0.500000000 0.000000000 0.000000000 1.0 0.0 0.0 -0.23489933 0.0 1.0 0.0 0.0 0.0 0.0 1.0 0.0
114514 0.500000000 0.500000000 0.500000000 0.500000000 0.000000000 0.000000000 1.0 0.0 0.0 -0.24161074 0.0 1.0 0.0 0.0 0.0 0.0 1.0 0.0
114514 0.500000000 0.500000000 0.500000000 0.500000000 0.000000000 0.000000000 1.0 0.0 0.0 -0.24832214 0.0 1.0 0.0 0.0 0.0 0.0 1.0 0.0
114514 0.500000000 0.500000000 0.500000000 0.500000000 0.000000000 0.000000000 1.0 0.0 0.0 -0.25503355 0.0 1.0 0.0 0.0 0.0 0.0 1.0 0.0
114514 0.500000000 0.500000000 0.500000000 0.500000000 0.000000000 0.000000000 1.0 0.0 0.0 -0.26174498 0.0 1.0 0.0 0.0 0.0 0.0 1.0 0.0
114514 0.500000000 0.500000000 0.500000000 0.500000000 0.000000000 0.000000000 1.0 0.0 0.0 -0.26845637 0.0 1.0 0.0 0.0 0.0 0.0 1.0 0.0
114514 0.500000000 0.500000000 0.500000000 0.500000000 0.000000000 0.000000000 1.0 0.0 0.0 -0.2751678 0.0 1.0 0.0 0.0 0.0 0.0 1.0 0.0
114514 0.500000000 0.500000000 0.500000000 0.500000000 0.000000000 0.000000000 1.0 0.0 0.0 -0.2818792 0.0 1.0 0.0 0.0 0.0 0.0 1.0 0.0
114514 0.500000000 0.500000000 0.500000000 0.500000000 0.000000000 0.000000000 1.0 0.0 0.0 -0.2885906 0.0 1.0 0.0 0.0 0.0 0.0 1.0 0.0
114514 0.500000000 0.500000000 0.500000000 0.500000000 0.000000000 0.000000000 1.0 0.0 0.0 -0.295302 0.0 1.0 0.0 0.0 0.0 0.0 1.0 0.0
114514 0.500000000 0.500000000 0.500000000 0.500000000 0.000000000 0.000000000 1.0 0.0 0.0 -0.30201343 0.0 1.0 0.0 0.0 0.0 0.0 1.0 0.0
114514 0.500000000 0.500000000 0.500000000 0.500000000 0.000000000 0.000000000 1.0 0.0 0.0 -0.30872482 0.0 1.0 0.0 0.0 0.0 0.0 1.0 0.0
114514 0.500000000 0.500000000 0.500000000 0.500000000 0.000000000 0.000000000 1.0 0.0 0.0 -0.31543624 0.0 1.0 0.0 0.0 0.0 0.0 1.0 0.0
114514 0.500000000 0.500000000 0.500000000 0.500000000 0.000000000 0.000000000 1.0 0.0 0.0 -0.32214767 0.0 1.0 0.0 0.0 0.0 0.0 1.0 0.0
114514 0.500000000 0.500000000 0.500000000 0.500000000 0.000000000 0.000000000 1.0 0.0 0.0 -0.32885906 0.0 1.0 0.0 0.0 0.0 0.0 1.0 0.0
114514 0.500000000 0.500000000 0.500000000 0.500000000 0.000000000 0.000000000 1.0 0.0 0.0 -0.33557048 0.0 1.0 0.0 0.0 0.0 0.0 1.0 0.0
114514 0.500000000 0.500000000 0.500000000 0.500000000 0.000000000 0.000000000 1.0 0.0 0.0 -0.34228188 0.0 1.0 0.0 0.0 0.0 0.0 1.0 0.0
114514 0.500000000 0.500000000 0.500000000 0.500000000 0.000000000 0.000000000 1.0 0.0 0.0 -0.3489933 0.0 1.0 0.0 0.0 0.0 0.0 1.0 0.0
114514 0.500000000 0.500000000 0.500000000 0.500000000 0.000000000 0.000000000 1.0 0.0 0.0 -0.3557047 0.0 1.0 0.0 0.0 0.0 0.0 1.0 0.0
114514 0.500000000 0.500000000 0.500000000 0.500000000 0.000000000 0.000000000 1.0 0.0 0.0 -0.36241612 0.0 1.0 0.0 0.0 0.0 0.0 1.0 0.0
114514 0.500000000 0.500000000 0.500000000 0.500000000 0.000000000 0.000000000 1.0 0.0 0.0 -0.3691275 0.0 1.0 0.0 0.0 0.0 0.0 1.0 0.0
114514 0.500000000 0.500000000 0.500000000 0.500000000 0.000000000 0.000000000 1.0 0.0 0.0 -0.37583894 0.0 1.0 0.0 0.0 0.0 0.0 1.0 0.0
114514 0.500000000 0.500000000 0.500000000 0.500000000 0.000000000 0.000000000 1.0 0.0 0.0 -0.38255033 0.0 1.0 0.0 0.0 0.0 0.0 1.0 0.0
114514 0.500000000 0.500000000 0.500000000 0.500000000 0.000000000 0.000000000 1.0 0.0 0.0 -0.38926175 0.0 1.0 0.0 0.0 0.0 0.0 1.0 0.0
114514 0.500000000 0.500000000 0.500000000 0.500000000 0.000000000 0.000000000 1.0 0.0 0.0 -0.39597315 0.0 1.0 0.0 0.0 0.0 0.0 1.0 0.0
114514 0.500000000 0.500000000 0.500000000 0.500000000 0.000000000 0.000000000 1.0 0.0 0.0 -0.40268457 0.0 1.0 0.0 0.0 0.0 0.0 1.0 0.0
114514 0.500000000 0.500000000 0.500000000 0.500000000 0.000000000 0.000000000 1.0 0.0 0.0 -0.40939596 0.0 1.0 0.0 0.0 0.0 0.0 1.0 0.0
114514 0.500000000 0.500000000 0.500000000 0.500000000 0.000000000 0.000000000 1.0 0.0 0.0 -0.4161074 0.0 1.0 0.0 0.0 0.0 0.0 1.0 0.0
114514 0.500000000 0.500000000 0.500000000 0.500000000 0.000000000 0.000000000 1.0 0.0 0.0 -0.42281878 0.0 1.0 0.0 0.0 0.0 0.0 1.0 0.0
114514 0.500000000 0.500000000 0.500000000 0.500000000 0.000000000 0.000000000 1.0 0.0 0.0 -0.4295302 0.0 1.0 0.0 0.0 0.0 0.0 1.0 0.0
114514 0.500000000 0.500000000 0.500000000 0.500000000 0.000000000 0.000000000 1.0 0.0 0.0 -0.43624163 0.0 1.0 0.0 0.0 0.0 0.0 1.0 0.0
114514 0.500000000 0.500000000 0.500000000 0.500000000 0.000000000 0.000000000 1.0 0.0 0.0 -0.44295302 0.0 1.0 0.0 0.0 0.0 0.0 1.0 0.0
114514 0.500000000 0.500000000 0.500000000 0.500000000 0.000000000 0.000000000 1.0 0.0 0.0 -0.44966444 0.0 1.0 0.0 0.0 0.0 0.0 1.0 0.0
114514 0.500000000 0.500000000 0.500000000 0.500000000 0.000000000 0.000000000 1.0 0.0 0.0 -0.45637584 0.0 1.0 0.0 0.0 0.0 0.0 1.0 0.0
114514 0.500000000 0.500000000 0.500000000 0.500000000 0.000000000 0.000000000 1.0 0.0 0.0 -0.46308726 0.0 1.0 0.0 0.0 0.0 0.0 1.0 0.0
114514 0.500000000 0.500000000 0.500000000 0.500000000 0.000000000 0.000000000 1.0 0.0 0.0 -0.46979865 0.0 1.0 0.0 0.0 0.0 0.0 1.0 0.0
114514 0.500000000 0.500000000 0.500000000 0.500000000 0.000000000 0.000000000 1.0 0.0 0.0 -0.47651008 0.0 1.0 0.0 0.0 0.0 0.0 1.0 0.0
114514 0.500000000 0.500000000 0.500000000 0.500000000 0.000000000 0.000000000 1.0 0.0 0.0 -0.48322147 0.0 1.0 0.0 0.0 0.0 0.0 1.0 0.0
114514 0.500000000 0.500000000 0.500000000 0.500000000 0.000000000 0.000000000 1.0 0.0 0.0 -0.4899329 0.0 1.0 0.0 0.0 0.0 0.0 1.0 0.0
114514 0.500000000 0.500000000 0.500000000 0.500000000 0.000000000 0.000000000 1.0 0.0 0.0 -0.4966443 0.0 1.0 0.0 0.0 0.0 0.0 1.0 0.0
114514 0.500000000 0.500000000 0.500000000 0.500000000 0.000000000 0.000000000 1.0 0.0 0.0 -0.5033557 0.0 1.0 0.0 0.0 0.0 0.0 1.0 0.0
114514 0.500000000 0.500000000 0.500000000 0.500000000 0.000000000 0.000000000 1.0 0.0 0.0 -0.5100671 0.0 1.0 0.0 0.0 0.0 0.0 1.0 0.0
114514 0.500000000 0.500000000 0.500000000 0.500000000 0.000000000 0.000000000 1.0 0.0 0.0 -0.5167785 0.0 1.0 0.0 0.0 0.0 0.0 1.0 0.0
114514 0.500000000 0.500000000 0.500000000 0.500000000 0.000000000 0.000000000 1.0 0.0 0.0 -0.52348995 0.0 1.0 0.0 0.0 0.0 0.0 1.0 0.0
114514 0.500000000 0.500000000 0.500000000 0.500000000 0.000000000 0.000000000 1.0 0.0 0.0 -0.5302013 0.0 1.0 0.0 0.0 0.0 0.0 1.0 0.0
114514 0.500000000 0.500000000 0.500000000 0.500000000 0.000000000 0.000000000 1.0 0.0 0.0 -0.53691274 0.0 1.0 0.0 0.0 0.0 0.0 1.0 0.0
114514 0.500000000 0.500000000 0.500000000 0.500000000 0.000000000 0.000000000 1.0 0.0 0.0 -0.54362416 0.0 1.0 0.0 0.0 0.0 0.0 1.0 0.0
114514 0.500000000 0.500000000 0.500000000 0.500000000 0.000000000 0.000000000 1.0 0.0 0.0 -0.5503356 0.0 1.0 0.0 0.0 0.0 0.0 1.0 0.0
114514 0.500000000 0.500000000 0.500000000 0.500000000 0.000000000 0.000000000 1.0 0.0 0.0 -0.55704695 0.0 1.0 0.0 0.0 0.0 0.0 1.0 0.0
114514 0.500000000 0.500000000 0.500000000 0.500000000 0.000000000 0.000000000 1.0 0.0 0.0 -0.5637584 0.0 1.0 0.0 0.0 0.0 0.0 1.0 0.0
114514 0.500000000 0.500000000 0.500000000 0.500000000 0.000000000 0.000000000 1.0 0.0 0.0 -0.5704698 0.0 1.0 0.0 0.0 0.0 0.0 1.0 0.0
114514 0.500000000 0.500000000 0.500000000 0.500000000 0.000000000 0.000000000 1.0 0.0 0.0 -0.5771812 0.0 1.0 0.0 0.0 0.0 0.0 1.0 0.0
114514 0.500000000 0.500000000 0.500000000 0.500000000 0.000000000 0.000000000 1.0 0.0 0.0 -0.58389264 0.0 1.0 0.0 0.0 0.0 0.0 1.0 0.0
114514 0.500000000 0.500000000 0.500000000 0.500000000 0.000000000 0.000000000 1.0 0.0 0.0 -0.590604 0.0 1.0 0.0 0.0 0.0 0.0 1.0 0.0
114514 0.500000000 0.500000000 0.500000000 0.500000000 0.000000000 0.000000000 1.0 0.0 0.0 -0.59731543 0.0 1.0 0.0 0.0 0.0 0.0 1.0 0.0
114514 0.500000000 0.500000000 0.500000000 0.500000000 0.000000000 0.000000000 1.0 0.0 0.0 -0.60402685 0.0 1.0 0.0 0.0 0.0 0.0 1.0 0.0
114514 0.500000000 0.500000000 0.500000000 0.500000000 0.000000000 0.000000000 1.0 0.0 0.0 -0.6107383 0.0 1.0 0.0 0.0 0.0 0.0 1.0 0.0
114514 0.500000000 0.500000000 0.500000000 0.500000000 0.000000000 0.000000000 1.0 0.0 0.0 -0.61744964 0.0 1.0 0.0 0.0 0.0 0.0 1.0 0.0
114514 0.500000000 0.500000000 0.500000000 0.500000000 0.000000000 0.000000000 1.0 0.0 0.0 -0.62416106 0.0 1.0 0.0 0.0 0.0 0.0 1.0 0.0
114514 0.500000000 0.500000000 0.500000000 0.500000000 0.000000000 0.000000000 1.0 0.0 0.0 -0.6308725 0.0 1.0 0.0 0.0 0.0 0.0 1.0 0.0
114514 0.500000000 0.500000000 0.500000000 0.500000000 0.000000000 0.000000000 1.0 0.0 0.0 -0.6375839 0.0 1.0 0.0 0.0 0.0 0.0 1.0 0.0
114514 0.500000000 0.500000000 0.500000000 0.500000000 0.000000000 0.000000000 1.0 0.0 0.0 -0.6442953 0.0 1.0 0.0 0.0 0.0 0.0 1.0 0.0
114514 0.500000000 0.500000000 0.500000000 0.500000000 0.000000000 0.000000000 1.0 0.0 0.0 -0.6510067 0.0 1.0 0.0 0.0 0.0 0.0 1.0 0.0
114514 0.500000000 0.500000000 0.500000000 0.500000000 0.000000000 0.000000000 1.0 0.0 0.0 -0.6577181 0.0 1.0 0.0 0.0 0.0 0.0 1.0 0.0
114514 0.500000000 0.500000000 0.500000000 0.500000000 0.000000000 0.000000000 1.0 0.0 0.0 -0.66442955 0.0 1.0 0.0 0.0 0.0 0.0 1.0 0.0
114514 0.500000000 0.500000000 0.500000000 0.500000000 0.000000000 0.000000000 1.0 0.0 0.0 -0.6711409 0.0 1.0 0.0 0.0 0.0 0.0 1.0 0.0
114514 0.500000000 0.500000000 0.500000000 0.500000000 0.000000000 0.000000000 1.0 0.0 0.0 -0.67785233 0.0 1.0 0.0 0.0 0.0 0.0 1.0 0.0
114514 0.500000000 0.500000000 0.500000000 0.500000000 0.000000000 0.000000000 1.0 0.0 0.0 -0.68456376 0.0 1.0 0.0 0.0 0.0 0.0 1.0 0.0
114514 0.500000000 0.500000000 0.500000000 0.500000000 0.000000000 0.000000000 1.0 0.0 0.0 -0.6912752 0.0 1.0 0.0 0.0 0.0 0.0 1.0 0.0
114514 0.500000000 0.500000000 0.500000000 0.500000000 0.000000000 0.000000000 1.0 0.0 0.0 -0.6979866 0.0 1.0 0.0 0.0 0.0 0.0 1.0 0.0
114514 0.500000000 0.500000000 0.500000000 0.500000000 0.000000000 0.000000000 1.0 0.0 0.0 -0.70469797 0.0 1.0 0.0 0.0 0.0 0.0 1.0 0.0
114514 0.500000000 0.500000000 0.500000000 0.500000000 0.000000000 0.000000000 1.0 0.0 0.0 -0.7114094 0.0 1.0 0.0 0.0 0.0 0.0 1.0 0.0
114514 0.500000000 0.500000000 0.500000000 0.500000000 0.000000000 0.000000000 1.0 0.0 0.0 -0.7181208 0.0 1.0 0.0 0.0 0.0 0.0 1.0 0.0
114514 0.500000000 0.500000000 0.500000000 0.500000000 0.000000000 0.000000000 1.0 0.0 0.0 -0.72483224 0.0 1.0 0.0 0.0 0.0 0.0 1.0 0.0
114514 0.500000000 0.500000000 0.500000000 0.500000000 0.000000000 0.000000000 1.0 0.0 0.0 -0.7315436 0.0 1.0 0.0 0.0 0.0 0.0 1.0 0.0
114514 0.500000000 0.500000000 0.500000000 0.500000000 0.000000000 0.000000000 1.0 0.0 0.0 -0.738255 0.0 1.0 0.0 0.0 0.0 0.0 1.0 0.0
114514 0.500000000 0.500000000 0.500000000 0.500000000 0.000000000 0.000000000 1.0 0.0 0.0 -0.74496645 0.0 1.0 0.0 0.0 0.0 0.0 1.0 0.0
114514 0.500000000 0.500000000 0.500000000 0.500000000 0.000000000 0.000000000 1.0 0.0 0.0 -0.7516779 0.0 1.0 0.0 0.0 0.0 0.0 1.0 0.0
114514 0.500000000 0.500000000 0.500000000 0.500000000 0.000000000 0.000000000 1.0 0.0 0.0 -0.75838923 0.0 1.0 0.0 0.0 0.0 0.0 1.0 0.0
114514 0.500000000 0.500000000 0.500000000 0.500000000 0.000000000 0.000000000 1.0 0.0 0.0 -0.76510066 0.0 1.0 0.0 0.0 0.0 0.0 1.0 0.0
114514 0.500000000 0.500000000 0.500000000 0.500000000 0.000000000 0.000000000 1.0 0.0 0.0 -0.7718121 0.0 1.0 0.0 0.0 0.0 0.0 1.0 0.0
114514 0.500000000 0.500000000 0.500000000 0.500000000 0.000000000 0.000000000 1.0 0.0 0.0 -0.7785235 0.0 1.0 0.0 0.0 0.0 0.0 1.0 0.0
114514 0.500000000 0.500000000 0.500000000 0.500000000 0.000000000 0.000000000 1.0 0.0 0.0 -0.7852349 0.0 1.0 0.0 0.0 0.0 0.0 1.0 0.0
114514 0.500000000 0.500000000 0.500000000 0.500000000 0.000000000 0.000000000 1.0 0.0 0.0 -0.7919463 0.0 1.0 0.0 0.0 0.0 0.0 1.0 0.0
114514 0.500000000 0.500000000 0.500000000 0.500000000 0.000000000 0.000000000 1.0 0.0 0.0 -0.7986577 0.0 1.0 0.0 0.0 0.0 0.0 1.0 0.0
114514 0.500000000 0.500000000 0.500000000 0.500000000 0.000000000 0.000000000 1.0 0.0 0.0 -0.80536914 0.0 1.0 0.0 0.0 0.0 0.0 1.0 0.0
114514 0.500000000 0.500000000 0.500000000 0.500000000 0.000000000 0.000000000 1.0 0.0 0.0 -0.81208056 0.0 1.0 0.0 0.0 0.0 0.0 1.0 0.0
114514 0.500000000 0.500000000 0.500000000 0.500000000 0.000000000 0.000000000 1.0 0.0 0.0 -0.8187919 0.0 1.0 0.0 0.0 0.0 0.0 1.0 0.0
114514 0.500000000 0.500000000 0.500000000 0.500000000 0.000000000 0.000000000 1.0 0.0 0.0 -0.82550335 0.0 1.0 0.0 0.0 0.0 0.0 1.0 0.0
114514 0.500000000 0.500000000 0.500000000 0.500000000 0.000000000 0.000000000 1.0 0.0 0.0 -0.8322148 0.0 1.0 0.0 0.0 0.0 0.0 1.0 0.0
114514 0.500000000 0.500000000 0.500000000 0.500000000 0.000000000 0.000000000 1.0 0.0 0.0 -0.8389262 0.0 1.0 0.0 0.0 0.0 0.0 1.0 0.0
114514 0.500000000 0.500000000 0.500000000 0.500000000 0.000000000 0.000000000 1.0 0.0 0.0 -0.84563756 0.0 1.0 0.0 0.0 0.0 0.0 1.0 0.0
114514 0.500000000 0.500000000 0.500000000 0.500000000 0.000000000 0.000000000 1.0 0.0 0.0 -0.852349 0.0 1.0 0.0 0.0 0.0 0.0 1.0 0.0
114514 0.500000000 0.500000000 0.500000000 0.500000000 0.000000000 0.000000000 1.0 0.0 0.0 -0.8590604 0.0 1.0 0.0 0.0 0.0 0.0 1.0 0.0
114514 0.500000000 0.500000000 0.500000000 0.500000000 0.000000000 0.000000000 1.0 0.0 0.0 -0.86577183 0.0 1.0 0.0 0.0 0.0 0.0 1.0 0.0
114514 0.500000000 0.500000000 0.500000000 0.500000000 0.000000000 0.000000000 1.0 0.0 0.0 -0.8724832 0.0 1.0 0.0 0.0 0.0 0.0 1.0 0.0
114514 0.500000000 0.500000000 0.500000000 0.500000000 0.000000000 0.000000000 1.0 0.0 0.0 -0.8791946 0.0 1.0 0.0 0.0 0.0 0.0 1.0 0.0
114514 0.500000000 0.500000000 0.500000000 0.500000000 0.000000000 0.000000000 1.0 0.0 0.0 -0.88590604 0.0 1.0 0.0 0.0 0.0 0.0 1.0 0.0
114514 0.500000000 0.500000000 0.500000000 0.500000000 0.000000000 0.000000000 1.0 0.0 0.0 -0.89261746 0.0 1.0 0.0 0.0 0.0 0.0 1.0 0.0
114514 0.500000000 0.500000000 0.500000000 0.500000000 0.000000000 0.000000000 1.0 0.0 0.0 -0.8993289 0.0 1.0 0.0 0.0 0.0 0.0 1.0 0.0
114514 0.500000000 0.500000000 0.500000000 0.500000000 0.000000000 0.000000000 1.0 0.0 0.0 -0.90604025 0.0 1.0 0.0 0.0 0.0 0.0 1.0 0.0
114514 0.500000000 0.500000000 0.500000000 0.500000000 0.000000000 0.000000000 1.0 0.0 0.0 -0.9127517 0.0 1.0 0.0 0.0 0.0 0.0 1.0 0.0
114514 0.500000000 0.500000000 0.500000000 0.500000000 0.000000000 0.000000000 1.0 0.0 0.0 -0.9194631 0.0 1.0 0.0 0.0 0.0 0.0 1.0 0.0
114514 0.500000000 0.500000000 0.500000000 0.500000000 0.000000000 0.000000000 1.0 0.0 0.0 -0.9261745 0.0 1.0 0.0 0.0 0.0 0.0 1.0 0.0
114514 0.500000000 0.500000000 0.500000000 0.500000000 0.000000000 0.000000000 1.0 0.0 0.0 -0.9328859 0.0 1.0 0.0 0.0 0.0 0.0 1.0 0.0
114514 0.500000000 0.500000000 0.500000000 0.500000000 0.000000000 0.000000000 1.0 0.0 0.0 -0.9395973 0.0 1.0 0.0 0.0 0.0 0.0 1.0 0.0
114514 0.500000000 0.500000000 0.500000000 0.500000000 0.000000000 0.000000000 1.0 0.0 0.0 -0.94630873 0.0 1.0 0.0 0.0 0.0 0.0 1.0 0.0
114514 0.500000000 0.500000000 0.500000000 0.500000000 0.000000000 0.000000000 1.0 0.0 0.0 -0.95302016 0.0 1.0 0.0 0.0 0.0 0.0 1.0 0.0
114514 0.500000000 0.500000000 0.500000000 0.500000000 0.000000000 0.000000000 1.0 0.0 0.0 -0.9597315 0.0 1.0 0.0 0.0 0.0 0.0 1.0 0.0
114514 0.500000000 0.500000000 0.500000000 0.500000000 0.000000000 0.000000000 1.0 0.0 0.0 -0.96644294 0.0 1.0 0.0 0.0 0.0 0.0 1.0 0.0
114514 0.500000000 0.500000000 0.500000000 0.500000000 0.000000000 0.000000000 1.0 0.0 0.0 -0.97315437 0.0 1.0 0.0 0.0 0.0 0.0 1.0 0.0
114514 0.500000000 0.500000000 0.500000000 0.500000000 0.000000000 0.000000000 1.0 0.0 0.0 -0.9798658 0.0 1.0 0.0 0.0 0.0 0.0 1.0 0.0
114514 0.500000000 0.500000000 0.500000000 0.500000000 0.000000000 0.000000000 1.0 0.0 0.0 -0.98657715 0.0 1.0 0.0 0.0 0.0 0.0 1.0 0.0
114514 0.500000000 0.500000000 0.500000000 0.500000000 0.000000000 0.000000000 1.0 0.0 0.0 -0.9932886 0.0 1.0 0.0 0.0 0.0 0.0 1.0 0.0
114514 0.500000000 0.500000000 0.500000000 0.500000000 0.000000000 0.000000000 1.0 0.0 0.0 -1.0 0.0 1.0 0.0 0.0 0.0 0.0 1.0 0.0
